0 17 19
0 5 7
0 12 17
0 14 14
0 4 17
0 24 20
0 16 1
0 27 20
0 6 9
0 31 10
0 30 16
0 8 19
0 33 18
0 13 5
0 10 2
0 22 20
0 26 7
0 32 2
0 7 10
0 18 12
0 23 20
0 15 19
0 25 18
1 32 20
1 25 20
1 30 15
1 26 4
1 5 19
1 33 9
1 12 11
1 13 11
1 21 9
1 29 19
1 10 5
1 3 3
1 6 19
1 16 12
1 14 20
1 18 11
1 28 15
1 19 7
1 4 5
1 23 3
1 8 9
1 17 1
1 2 7
1 31 17
1 15 18
2 23 9
2 12 7
2 15 11
2 14 18
2 21 10
2 30 19
2 9 13
2 3 7
2 6 6
2 32 2
2 16 18
2 31 2
2 18 7
2 28 7
2 26 16
2 25 6
2 8 20
2 24 20
3 31 6
3 16 8
3 7 7
3 20 8
3 14 1
3 22 2
3 17 10
3 18 10
3 28 16
3 29 7
3 4 17
3 5 9
3 12 12
3 32 6
3 30 6
3 27 19
3 33 11
3 11 1
3 23 3
3 21 4
3 24 17
4 26 13
4 31 17
4 12 12
4 5 6
4 14 20
4 22 16
4 29 11
4 15 9
4 33 18
4 23 6
4 32 10
4 30 16
4 19 16
4 6 15
4 8 9
4 28 4
4 9 3
4 25 13
4 20 15
4 13 4
5 21 18
5 9 5
5 18 16
5 10 8
5 22 2
5 30 12
5 27 8
5 14 19
5 12 14
5 25 15
5 20 14
5 33 11
5 6 14
5 7 15
5 28 9
5 19 15
5 31 10
5 8 13
5 32 10
6 28 8
6 27 11
6 33 6
6 15 5
6 30 7
6 18 2
6 20 9
6 31 19
6 22 20
6 17 5
6 13 18
6 21 2
6 14 19
6 12 15
7 30 15
7 13 5
7 12 17
7 9 16
7 18 15
7 15 17
7 17 18
7 16 7
7 8 5
7 33 19
7 29 5
7 31 4
7 27 19
7 19 9
7 10 14
7 28 2
7 22 4
8 17 20
8 33 16
8 13 7
8 26 14
8 27 19
8 19 1
8 21 8
8 25 7
8 15 7
8 31 20
8 12 8
8 20 4
8 22 11
8 10 12
9 21 5
9 10 5
9 22 5
9 18 19
9 20 15
9 11 16
9 23 20
9 25 8
9 32 6
9 16 8
9 24 12
9 14 19
10 27 14
10 24 9
10 25 2
10 19 16
10 30 13
10 23 19
10 12 2
10 22 11
10 21 10
10 28 17
10 31 11
10 26 11
10 15 11
10 16 7
10 18 4
11 22 16
11 16 9
11 30 5
11 24 9
11 18 11
11 25 16
11 32 15
11 28 17
11 14 10
11 29 12
11 13 9
11 12 6
11 19 5
11 20 8
11 21 1
12 28 4
12 16 9
12 13 2
12 22 3
12 20 15
12 29 18
12 18 5
12 25 18
12 15 17
12 14 9
12 23 7
12 27 19
12 17 5
13 25 4
13 17 16
13 18 10
13 20 17
13 22 6
13 14 2
13 32 14
13 29 11
13 24 7
13 31 17
14 31 10
14 26 1
14 29 17
14 17 2
14 24 12
14 33 14
14 16 9
14 27 13
14 22 4
14 20 13
14 21 20
14 30 6
14 25 17
15 22 17
15 20 2
15 30 10
15 26 7
15 28 2
15 18 16
15 27 7
15 21 3
15 16 6
15 32 17
15 17 8
16 26 7
16 31 16
16 24 9
16 32 8
16 28 13
16 19 4
16 20 11
16 18 17
17 28 3
17 27 9
17 22 3
17 21 9
17 18 19
17 29 12
17 24 8
17 26 7
18 33 8
18 29 17
18 26 17
18 28 17
18 22 11
18 30 1
18 24 2
18 31 7
18 21 1
18 27 8
19 32 13
19 29 1
19 27 8
19 33 19
19 28 5
19 30 14
19 31 14
19 20 17
19 21 13
20 22 1
20 27 12
20 25 19
20 24 9
20 33 6
20 31 5
20 30 6
20 21 12
21 25 13
21 32 7
21 23 7
21 27 2
21 33 3
21 29 6
21 28 2
22 30 14
22 26 15
22 29 13
22 23 12
22 24 7
22 25 4
22 27 16
23 32 17
23 33 5
23 26 13
23 29 15
23 24 8
23 27 14
23 31 3
24 27 3
24 33 15
24 31 8
24 29 6
24 25 7
24 32 5
24 28 7
25 29 6
25 30 9
25 26 3
25 31 20
25 33 2
25 32 1
25 28 17
26 30 12
26 29 1
26 27 7
26 31 1
26 28 8
26 33 4
27 30 17
27 31 19
27 33 18
27 32 1
28 29 2
28 32 12
28 33 16
28 31 5
29 33 10
29 30 13
30 32 15
30 31 6
30 33 3
31 32 6
31 33 1
32 33 15
24 33 8 13
21 30 5 10
30 33 8 15
9 28 9 12
3 22 10 19
15 28 2 4
7 24 8 15
2 29 5 13
9 30 10 17
11 14 7 11
2 7 7 13
8 21 9 10
8 20 2 6
8 11 9 12
6 21 7 14
21 25 2 7
4 19 4 13
9 12 10 19
32 33 8 16
27 29 7 14
21 32 5 7
8 9 7 15
3 4 3 12
5 12 5 13
8 28 6 8
27 28 2 3
4 12 2 4
25 30 10 15
15 29 9 10
2 11 8 10
15 23 2 4
17 29 3 11
22 29 9 12
7 33 4 5
13 20 4 13
13 30 1 4
10 25 8 13
11 28 7 10
7 18 3 5
7 10 2 6
10 24 7 11
14 16 8 17
25 33 7 8
8 29 10 11
8 16 5 14
4 26 8 18
1 21 1 4
5 12 9 12
25 31 4 13
3 18 8 18
2 28 7 9
29 31 5 6
5 29 3 10
11 25 2 3
25 33 9 11
11 29 10 13
5 15 10 16
2 28 8 16
6 12 7 8
4 27 8 15
19 20 8 11
