0 14 16
0 32 3
0 27 5
0 7 8
0 28 16
0 22 1
0 25 18
0 3 8
0 23 1
0 8 5
0 4 20
0 16 13
0 15 8
0 2 13
0 1 9
0 9 4
0 26 8
0 24 17
0 12 9
0 20 10
0 5 9
0 33 4
0 10 20
1 15 10
1 10 8
1 3 10
1 16 8
1 18 6
1 32 14
1 21 4
1 4 7
1 20 20
1 33 13
1 22 7
1 13 9
1 26 10
1 25 18
1 12 11
1 30 12
1 7 12
1 23 1
1 9 8
2 26 6
2 7 12
2 13 13
2 25 19
2 30 8
2 19 6
2 16 15
2 14 9
2 22 20
2 32 18
2 27 7
2 23 18
2 33 16
2 10 19
2 21 20
2 20 11
2 4 8
2 29 4
2 18 9
2 15 15
3 16 7
3 9 20
3 6 16
3 30 2
3 7 6
3 13 8
3 18 13
3 28 11
3 27 19
3 15 7
3 29 11
3 22 14
3 19 6
3 32 16
3 14 17
3 24 11
3 10 13
3 12 16
3 26 14
3 31 17
3 23 2
3 5 2
4 18 13
4 13 5
4 5 18
4 15 9
4 32 13
4 16 14
4 17 16
4 8 15
4 28 15
4 33 1
4 7 8
4 30 6
4 20 3
4 26 7
4 21 14
4 10 4
5 21 10
5 8 18
5 32 17
5 11 18
5 27 5
5 29 19
5 33 20
5 26 10
5 17 19
5 30 15
5 13 16
5 18 3
5 25 18
5 6 3
5 28 9
5 23 1
5 7 11
5 20 4
5 10 19
5 22 12
5 9 19
6 28 6
6 20 8
6 29 2
6 17 16
6 11 7
6 25 15
6 13 8
6 12 13
6 7 20
6 14 1
6 15 19
6 33 20
6 18 14
6 27 15
6 21 3
6 30 19
6 19 16
6 26 11
6 22 6
7 33 11
7 23 3
7 30 13
7 9 1
7 18 15
7 17 10
7 15 1
7 19 12
7 12 16
7 14 11
7 20 12
8 21 4
8 23 5
8 27 15
8 28 2
8 30 19
8 17 3
8 32 10
8 11 11
8 10 13
8 12 2
8 31 6
8 25 11
8 19 20
9 23 14
9 29 16
9 13 3
9 11 10
9 18 15
9 14 4
9 27 4
9 33 10
9 12 5
9 15 19
9 16 5
9 25 16
9 21 5
9 24 13
9 19 8
9 32 20
9 17 20
10 17 14
10 13 3
10 16 4
10 26 11
10 30 4
10 24 20
10 28 2
10 31 1
10 21 16
10 29 10
10 32 14
10 33 6
10 20 17
10 14 9
10 19 18
10 11 19
10 18 20
10 27 18
11 13 18
11 32 2
11 15 2
11 14 7
11 24 7
11 28 10
11 26 5
11 27 6
11 31 12
11 33 17
11 23 14
11 21 1
11 17 9
12 28 15
12 24 8
12 15 3
12 32 7
12 26 13
12 22 20
12 27 16
12 13 9
12 29 5
12 33 3
12 25 4
12 17 12
13 14 12
13 32 19
13 23 11
13 27 6
13 31 5
13 26 18
13 21 9
13 28 3
13 18 12
13 24 11
14 27 19
14 21 19
14 31 13
14 26 16
14 16 10
14 28 8
14 17 13
14 33 13
14 20 2
14 23 6
14 19 18
14 25 11
15 33 6
15 24 7
15 17 14
15 29 2
15 19 10
15 26 10
15 28 9
15 21 11
15 18 16
15 31 9
16 21 5
16 17 12
16 29 15
16 24 3
16 28 6
16 23 19
16 26 4
16 31 1
16 30 9
16 20 8
17 22 5
17 19 8
17 24 13
17 31 9
17 23 17
17 27 20
17 28 15
17 25 4
17 30 14
18 29 20
18 27 17
18 22 17
18 24 9
18 20 7
18 23 4
18 33 8
18 31 17
18 28 13
18 25 12
18 30 18
18 19 8
19 29 14
19 25 14
19 33 12
19 22 2
19 23 15
19 31 16
19 24 4
19 30 1
19 26 16
20 26 4
20 22 1
20 27 9
20 31 3
20 32 18
20 30 11
20 25 13
20 29 16
20 24 9
21 28 10
21 31 20
21 32 14
21 33 14
21 25 11
21 30 19
21 24 15
21 27 4
21 23 17
21 26 14
21 29 5
22 23 12
22 29 20
22 33 18
22 26 6
22 27 9
22 30 19
22 25 16
23 32 9
23 31 5
23 29 6
23 26 3
23 30 17
24 30 2
24 31 15
24 29 3
24 28 4
24 27 20
24 26 3
24 25 2
25 29 5
25 31 3
25 32 20
25 30 18
25 28 16
25 26 20
26 27 11
26 33 18
26 31 17
26 32 13
26 28 5
26 30 9
27 28 4
27 33 2
27 31 8
27 32 10
28 33 16
28 29 18
28 30 12
29 33 3
29 31 18
29 32 13
30 31 4
30 32 17
30 33 1
31 32 8
32 33 9
5 27 10 13
5 17 7 16
1 27 5 7
29 30 1 3
1 20 10 13
0 5 8 11
24 29 5 8
9 26 3 13
7 24 4 8
25 33 5 13
7 15 10 14
14 33 8 11
23 25 4 12
1 30 1 4
8 33 1 3
17 24 10 13
8 33 9 13
16 29 2 12
15 26 3 6
11 23 10 18
1 28 2 12
14 31 3 5
20 24 6 12
13 17 4 8
9 11 1 7
18 25 10 14
6 23 4 8
9 21 4 10
9 15 1 11
8 29 1 6
14 17 5 15
28 30 3 11
7 19 3 10
12 13 5 6
9 29 7 12
13 25 3 7
1 21 8 14
6 13 8 17
3 4 4 13
8 10 1 7
9 33 5 11
6 30 4 6
6 23 5 12
13 19 3 6
9 25 8 11
14 19 8 18
11 20 5 14
15 16 5 10
18 32 4 14
17 29 6 9
17 20 8 18
27 31 3 5
1 33 6 13
0 18 2 7
5 31 5 8
10 24 10 16
0 7 1 10
7 18 1 10
1 29 1 8
20 32 1 7
15 20 9 14
2 20 7 13
20 26 6 9
