0 27 20
0 20 14
0 29 11
0 32 20
0 23 5
0 3 13
0 24 3
0 28 5
0 21 16
0 16 20
0 22 12
0 17 5
0 26 2
0 5 14
0 15 14
0 8 20
0 25 15
0 19 5
0 33 15
0 10 20
0 30 19
1 13 14
1 32 18
1 6 11
1 20 3
1 31 9
1 17 12
1 28 1
1 5 17
1 24 8
1 11 12
1 12 3
1 2 3
1 29 5
1 25 19
1 26 10
1 16 10
1 21 8
1 4 6
1 10 9
1 8 5
1 19 13
2 12 3
2 31 20
2 11 20
2 15 13
2 14 5
2 17 13
2 3 3
2 25 14
2 32 16
2 23 19
2 20 1
2 33 3
2 24 1
2 4 5
2 13 8
2 26 12
2 6 16
2 28 19
2 30 15
2 21 19
3 17 15
3 32 1
3 22 4
3 24 1
3 23 16
3 11 20
3 10 1
3 14 9
3 33 17
3 29 18
3 31 4
3 20 5
3 18 19
3 30 18
3 9 20
3 5 19
3 28 4
3 19 8
3 27 19
3 25 18
3 8 16
3 21 8
4 30 1
4 6 7
4 9 1
4 32 20
4 28 4
4 20 16
4 23 16
4 10 6
4 11 17
4 19 5
4 5 1
4 29 6
4 21 8
4 12 1
4 26 12
5 10 2
5 8 13
5 14 4
5 27 12
5 19 6
5 26 20
5 29 13
5 32 18
5 20 2
5 30 1
5 16 3
5 21 20
5 6 6
5 33 20
5 13 10
5 15 19
5 31 9
5 25 10
5 24 4
5 28 14
5 18 9
5 23 16
6 11 15
6 31 16
6 33 6
6 15 12
6 22 13
6 28 18
6 10 10
6 32 16
6 18 16
6 7 20
6 25 9
6 29 4
6 30 16
6 14 18
6 17 9
6 23 19
6 12 5
6 13 18
7 31 5
7 33 11
7 8 15
7 9 16
7 29 9
7 23 14
7 27 7
7 15 2
7 19 10
7 32 1
7 17 15
7 24 9
7 11 19
7 22 19
7 18 17
7 13 20
7 20 12
7 25 9
8 25 18
8 21 4
8 24 5
8 14 7
8 26 13
8 12 2
8 16 3
8 17 7
8 15 12
8 23 6
8 31 13
8 22 19
8 13 1
8 32 18
8 9 14
8 19 12
9 30 16
9 23 10
9 19 1
9 29 15
9 21 5
9 26 5
9 28 19
9 25 19
9 27 8
9 33 13
9 15 15
9 18 3
9 12 9
9 13 8
9 11 19
10 13 6
10 11 13
10 32 14
10 16 6
10 12 16
10 23 9
10 21 9
10 30 10
11 29 5
11 31 14
11 26 12
11 28 20
11 33 2
11 23 13
11 20 2
11 22 7
11 32 2
11 14 15
11 17 18
11 12 8
11 15 18
11 16 2
11 13 18
11 25 13
11 19 1
11 18 5
11 24 3
12 31 5
12 22 2
12 19 9
12 25 8
12 14 11
12 33 9
12 30 16
12 16 10
12 32 10
12 27 3
12 24 7
12 15 10
12 23 12
12 28 3
13 21 5
13 22 11
13 26 20
13 30 13
13 31 20
13 16 12
13 33 12
13 17 6
13 24 11
13 27 1
13 28 20
14 25 8
14 16 20
14 15 12
14 31 12
14 23 11
14 21 7
14 28 14
14 20 14
14 33 5
14 26 7
14 30 12
14 27 4
14 17 19
14 22 7
15 19 8
15 16 16
15 31 3
15 21 10
15 25 8
15 29 10
15 20 9
15 22 14
15 32 5
15 18 5
16 18 3
16 21 4
16 17 15
16 25 1
16 28 3
16 33 14
16 19 18
16 24 5
16 29 11
16 32 3
16 31 15
16 20 12
17 21 1
17 27 13
17 30 20
17 28 7
17 25 20
17 18 17
17 32 10
17 33 20
17 31 15
18 30 20
18 19 3
18 27 4
18 31 9
18 20 13
18 26 12
18 23 3
18 25 4
18 24 16
18 21 20
18 22 9
19 32 13
19 21 12
19 33 13
19 26 13
19 30 14
19 31 12
19 27 5
19 20 16
19 28 6
20 32 1
20 21 17
20 29 17
20 24 18
20 27 10
20 30 4
20 25 9
20 33 16
20 26 7
20 31 20
21 29 9
21 30 12
21 23 5
21 31 17
21 26 16
21 33 17
21 28 8
21 32 13
22 23 2
22 26 6
22 31 4
22 32 1
22 30 3
22 27 18
22 25 6
23 30 11
23 28 17
23 26 1
23 24 7
23 32 17
23 27 1
24 30 8
24 32 12
24 27 8
24 31 18
24 33 14
24 25 16
25 31 17
25 28 15
26 29 4
26 33 11
26 27 19
26 32 20
26 28 13
27 30 1
27 33 6
28 30 20
28 31 13
28 32 6
28 33 1
29 31 5
29 32 18
29 33 7
30 33 15
30 32 19
31 32 17
31 33 13
32 33 6
1 6 3 13
1 32 1 8
0 23 8 11
20 29 6 14
29 33 5 15
5 20 5 15
19 24 9 12
14 33 6 11
1 11 2 5
31 32 8 18
1 10 6 10
4 20 6 15
3 7 8 17
24 33 4 9
27 30 3 4
23 25 3 7
3 9 1 10
8 21 5 12
7 8 3 12
1 21 5 15
18 24 10 15
6 10 2 7
19 33 3 11
8 27 3 6
14 19 10 19
9 13 2 4
5 15 8 11
16 32 9 15
14 30 3 5
10 21 10 17
14 25 8 12
2 28 4 11
1 26 10 15
2 29 4 13
12 29 1 4
4 7 6 14
23 26 6 11
10 27 5 15
4 7 7 10
18 28 7 15
10 14 4 11
11 28 4 5
22 23 6 12
12 22 8 14
24 27 9 17
7 17 3 9
22 24 3 12
11 19 9 15
20 31 10 13
0 18 6 8
11 32 9 14
1 27 2 6
29 33 10 18
0 21 6 8
18 19 3 11
8 20 10 20
24 26 1 4
8 9 10 15
16 32 3 4
11 15 10 17
