0 23 14
0 1 4
0 17 3
0 33 18
0 32 12
0 25 20
0 4 10
0 10 13
0 20 2
0 6 16
0 27 12
0 29 11
0 18 11
0 22 14
0 30 3
0 31 20
0 15 13
0 8 3
0 11 2
0 9 7
0 2 9
0 12 19
1 6 13
1 19 17
1 12 16
1 21 19
1 2 16
1 32 16
1 31 12
1 15 20
1 14 4
1 11 12
1 13 6
1 20 3
1 26 10
1 23 19
1 4 7
1 30 18
1 28 8
1 7 11
1 9 1
2 29 11
2 30 4
2 9 18
2 17 3
2 11 1
2 3 14
2 4 12
2 16 20
2 27 5
2 24 20
2 23 16
2 7 10
2 21 19
2 15 17
2 25 3
2 28 6
2 32 5
2 14 15
3 10 7
3 23 9
3 31 1
3 26 3
3 27 1
3 28 18
3 5 16
3 16 15
3 11 9
3 17 14
3 24 14
3 13 18
3 30 16
3 21 14
3 32 8
3 20 6
3 19 3
3 8 16
4 23 6
4 25 12
4 20 6
4 27 15
4 29 1
4 5 3
4 30 12
4 8 19
4 18 19
4 19 18
4 24 6
4 14 14
4 32 6
4 6 9
4 16 7
5 32 16
5 8 18
5 19 8
5 27 20
5 31 19
5 21 15
5 6 2
5 18 3
5 24 13
5 20 17
5 16 18
5 28 12
5 11 17
5 23 13
5 25 6
5 14 14
5 17 5
5 9 11
5 30 20
5 33 15
5 7 18
5 13 11
5 29 1
5 10 10
6 28 1
6 30 11
6 19 6
6 14 17
6 26 11
6 33 7
6 23 14
6 15 9
6 12 13
6 9 20
6 13 3
6 18 6
6 22 4
6 7 4
6 16 10
6 25 8
6 8 9
6 29 16
6 21 7
7 19 2
7 29 11
7 30 14
7 26 20
7 14 3
7 15 5
7 17 10
7 9 7
7 10 20
7 32 12
7 27 14
7 25 14
7 20 3
7 33 3
7 11 20
7 23 11
7 13 6
7 22 5
8 12 9
8 22 10
8 30 6
8 9 20
8 32 17
8 20 13
8 31 14
8 10 20
8 23 11
8 28 16
8 11 2
8 19 2
8 27 15
8 25 18
8 17 19
9 18 2
9 15 1
9 27 12
9 17 9
9 19 3
9 29 11
9 26 6
9 24 8
9 16 17
9 22 9
9 30 17
9 14 18
9 25 18
9 11 9
9 32 7
9 31 20
9 21 15
10 18 3
10 27 18
10 24 14
10 30 8
10 23 7
10 19 15
10 13 3
10 21 9
10 29 7
11 30 3
11 29 7
11 24 3
11 21 13
11 13 16
11 22 20
11 33 16
11 16 12
11 26 20
11 18 15
12 31 19
12 19 9
12 18 20
12 14 12
12 32 9
12 16 13
12 17 7
12 27 18
12 21 8
12 24 13
12 23 18
12 26 5
12 13 17
12 28 13
12 15 15
12 20 10
13 16 11
13 14 12
13 29 19
13 17 14
13 30 16
13 31 13
13 26 3
13 21 5
13 24 7
13 20 2
13 18 7
13 19 13
13 28 16
13 32 9
13 23 16
14 28 5
14 17 17
14 24 3
14 31 17
14 33 2
14 20 16
14 29 1
14 19 19
14 30 2
15 26 1
15 28 10
15 31 8
15 24 20
15 21 5
15 32 16
15 16 20
15 33 6
15 25 10
15 29 10
15 30 10
15 17 18
15 27 19
16 27 7
16 33 7
16 25 3
16 30 2
16 22 5
16 26 6
16 32 3
16 21 16
16 24 4
16 20 14
17 18 14
17 21 5
17 22 14
17 29 4
17 33 18
17 25 16
17 27 12
17 24 16
17 30 20
17 26 16
17 23 19
18 21 6
18 29 4
18 28 1
18 26 17
18 23 17
18 31 20
18 32 8
18 22 7
18 27 2
18 20 11
19 25 13
19 27 5
19 26 7
19 33 15
19 24 3
19 28 16
19 30 17
19 22 6
19 21 3
19 31 13
19 29 4
19 20 12
20 22 10
20 30 15
20 26 8
20 28 8
20 32 3
20 21 8
20 24 1
20 33 19
20 29 14
21 27 3
21 23 2
21 31 5
21 25 2
21 32 4
21 28 9
21 29 1
21 30 15
22 30 19
22 28 9
22 32 3
22 31 17
22 33 4
22 23 8
22 25 1
23 27 7
23 32 2
23 31 16
23 33 15
23 28 10
24 25 5
24 27 10
24 29 6
24 33 1
24 30 18
24 28 8
24 31 11
24 26 9
24 32 6
25 26 12
25 28 11
25 30 15
25 31 2
25 29 13
26 31 10
26 29 2
26 28 2
26 32 7
27 32 12
27 31 16
27 28 3
27 30 9
28 30 17
28 33 15
28 31 6
28 32 9
29 33 1
29 31 11
29 30 5
30 33 13
30 31 3
30 32 7
31 33 10
32 33 15
5 33 9 10
14 22 8 16
13 20 2 8
26 30 1 10
0 19 8 9
1 25 5 6
23 32 3 5
4 16 8 17
8 17 3 13
5 33 5 12
11 30 2 11
8 24 4 12
14 24 5 8
15 18 10 20
26 32 6 10
22 27 5 8
14 33 4 7
1 32 9 11
27 30 10 19
23 28 6 11
25 29 5 10
20 33 5 11
1 32 1 4
4 24 6 14
18 33 7 8
2 4 7 10
10 16 9 14
22 24 8 9
17 32 5 11
10 27 6 11
16 19 6 11
29 30 6 10
20 28 8 14
18 29 4 6
8 33 9 12
19 29 4 5
25 27 8 18
29 33 7 14
16 18 8 17
10 30 3 12
14 26 10 17
4 9 10 20
2 11 3 7
7 13 4 8
14 31 1 6
3 4 3 11
28 30 4 11
2 12 8 14
10 12 3 13
1 3 3 6
9 24 9 10
5 24 5 6
7 20 6 10
7 21 8 16
14 22 2 10
10 11 9 13
20 33 6 14
17 26 3 12
9 14 2 9
2 33 2 11
12 13 7 17
