0 8 18
0 20 3
0 9 3
0 32 7
0 19 10
0 30 1
0 26 19
0 11 14
0 2 8
0 22 1
0 10 11
0 4 6
0 24 19
0 7 12
0 25 6
0 31 18
0 12 7
0 14 11
0 23 3
0 1 14
1 14 13
1 22 11
1 29 17
1 17 10
1 4 4
1 31 17
1 18 6
1 25 18
1 3 1
1 33 4
1 24 20
1 10 1
1 6 5
1 16 14
1 20 20
1 15 8
1 13 1
1 9 12
1 11 10
1 12 16
1 32 17
1 21 3
1 28 8
2 19 20
2 32 15
2 23 9
2 28 19
2 9 12
2 5 18
2 24 14
2 16 8
2 7 12
2 20 15
2 26 16
2 25 13
2 18 1
2 22 11
2 17 15
2 30 19
2 14 12
2 3 14
3 29 6
3 18 12
3 32 9
3 7 16
3 26 14
3 30 17
3 22 9
3 19 15
3 23 2
3 27 14
3 24 6
3 13 13
3 9 7
3 25 9
3 31 16
3 16 1
3 17 4
3 10 9
3 15 20
3 6 19
3 11 2
3 20 19
4 26 1
4 25 15
4 13 11
4 7 20
4 23 19
4 12 2
4 30 12
4 20 7
4 31 13
4 10 15
4 15 13
4 14 15
4 33 10
4 28 3
4 16 12
4 5 3
4 19 12
4 17 9
4 9 15
4 18 5
5 31 18
5 29 4
5 15 1
5 27 7
5 12 14
5 28 8
5 7 13
5 33 8
5 13 3
5 8 9
5 20 18
5 30 20
5 32 5
5 23 12
5 14 11
5 11 8
5 16 5
5 22 8
5 18 16
6 13 12
6 28 12
6 25 13
6 22 7
6 17 6
6 11 11
6 29 8
6 8 11
6 26 4
6 9 17
6 14 17
6 21 18
6 24 1
6 15 11
6 16 16
6 10 2
6 18 16
6 7 18
6 31 5
7 27 13
7 11 2
7 18 12
7 20 4
7 13 12
7 25 7
7 22 6
7 33 16
7 31 5
7 30 2
7 14 1
7 28 1
7 10 10
7 29 3
7 8 18
7 19 19
8 26 10
8 33 8
8 27 10
8 29 10
8 23 14
8 10 18
8 19 4
8 13 3
8 18 18
8 24 14
8 9 12
8 16 15
8 17 10
8 20 8
9 13 8
9 23 6
9 14 17
9 16 11
9 17 18
9 28 5
9 33 15
9 27 17
9 25 14
9 21 20
9 22 7
9 31 1
9 11 4
9 26 3
9 12 18
9 24 18
9 10 9
10 25 18
10 23 20
10 31 17
10 17 11
10 30 6
10 12 8
10 11 9
10 14 17
10 28 14
10 24 19
10 15 8
10 26 11
11 15 11
11 19 13
11 22 4
11 32 13
11 14 7
11 13 15
11 27 12
11 21 12
11 20 20
11 33 16
11 18 17
11 24 16
11 25 5
12 18 9
12 19 18
12 25 3
12 32 14
12 13 18
12 33 6
12 17 6
12 22 18
12 29 15
12 24 4
12 15 5
12 23 15
12 14 2
12 26 1
12 20 19
12 21 7
13 29 1
13 18 6
13 27 2
13 17 10
13 20 6
13 31 10
13 28 7
13 22 3
13 15 16
13 32 16
13 23 12
13 33 7
13 30 6
13 21 13
13 24 3
13 26 13
14 28 14
14 24 3
14 31 5
14 30 8
14 29 18
14 25 13
14 33 10
14 27 14
14 16 2
14 18 11
14 23 20
15 26 1
15 18 10
15 22 6
15 31 11
15 28 4
15 30 16
15 32 13
15 27 12
15 33 19
15 21 19
15 25 10
15 24 10
16 28 15
16 30 15
16 26 8
16 24 4
16 25 6
16 31 13
16 32 12
16 17 3
16 33 19
16 29 17
16 20 18
17 27 8
17 21 20
17 26 16
17 30 8
17 25 18
17 19 3
17 22 9
17 29 7
17 23 17
18 29 1
18 28 12
18 24 6
18 25 1
18 30 20
18 26 17
18 22 17
18 21 9
19 23 14
19 22 16
19 29 18
19 30 7
19 21 1
19 33 10
19 31 18
19 28 16
19 26 1
19 24 7
19 32 1
20 26 7
20 32 10
20 21 4
20 30 18
20 25 16
20 29 11
20 31 20
20 33 20
20 22 2
21 22 7
21 28 17
21 24 7
21 23 6
21 31 12
21 30 17
21 33 16
21 25 11
22 30 10
22 23 9
22 28 19
22 31 12
22 32 3
22 24 8
22 25 10
22 27 13
22 26 3
22 33 20
22 29 8
23 27 14
23 29 19
23 32 12
23 28 16
23 25 20
24 26 19
24 30 8
25 26 4
25 29 12
25 32 7
25 33 3
25 30 20
25 28 9
26 33 11
26 28 17
26 29 7
26 30 1
26 31 1
26 32 15
27 29 6
27 31 13
27 33 9
28 31 10
28 29 15
28 33 16
28 32 6
29 31 19
30 33 2
30 31 20
30 32 19
31 33 7
31 32 4
32 33 14
14 29 3 13
7 23 1 3
21 32 5 14
11 33 7 16
8 9 7 13
2 3 3 4
2 26 10 14
7 20 6 12
12 21 3 5
4 19 9 15
22 26 10 14
9 30 8 17
1 24 7 12
17 25 5 10
7 27 4 6
18 30 9 12
7 13 3 8
1 19 6 12
3 15 1 3
3 28 5 13
7 29 6 15
24 32 2 8
15 18 6 10
4 13 6 16
27 29 9 17
23 29 6 8
14 18 10 11
27 33 2 8
10 24 4 13
6 11 5 12
2 17 10 14
5 8 4 12
30 31 5 13
3 33 1 10
2 33 9 19
17 21 1 7
20 26 4 10
4 31 2 3
21 24 5 9
23 30 7 14
0 4 7 8
16 29 7 10
12 25 6 10
1 5 1 11
27 31 2 3
16 29 4 5
10 14 9 10
9 29 6 16
5 31 5 8
8 20 5 9
17 30 5 12
4 5 5 12
16 26 5 13
5 22 10 17
8 10 9 13
6 8 9 12
8 11 2 10
0 11 9 18
18 27 5 15
3 6 5 8
