0 22 9
0 3 7
0 15 8
0 14 3
0 19 13
0 23 7
0 2 7
0 7 1
0 12 8
0 24 18
0 33 3
0 10 4
0 9 14
0 13 1
0 27 17
0 18 7
0 17 18
0 5 12
0 29 15
0 30 12
0 32 3
0 1 15
0 25 13
0 4 4
0 31 15
0 26 17
1 18 11
1 3 15
1 12 7
1 19 15
1 14 7
1 23 6
1 15 6
1 21 2
1 25 1
1 31 12
1 27 13
1 8 6
1 4 15
1 24 7
1 17 4
1 32 2
1 2 10
1 26 15
1 7 9
1 10 13
1 9 2
1 22 18
2 10 12
2 23 3
2 31 6
2 30 8
2 17 4
2 29 6
2 15 7
2 5 8
2 27 6
2 12 18
2 22 13
2 19 15
2 6 6
2 9 2
2 32 18
2 18 19
2 3 15
2 7 1
2 33 4
2 24 14
2 20 15
2 13 17
3 12 9
3 22 17
3 8 14
3 25 6
3 9 15
3 16 9
3 26 18
3 30 20
3 5 10
3 15 1
3 4 4
3 31 9
3 13 18
3 11 1
3 27 11
3 18 4
3 32 7
3 19 4
4 19 15
4 30 13
4 28 20
4 15 10
4 10 5
4 7 5
4 13 9
4 24 8
4 22 4
4 31 5
4 32 8
4 33 12
4 16 4
4 8 17
4 29 6
4 14 6
4 18 4
4 26 3
4 6 3
5 10 7
5 6 3
5 13 18
5 14 2
5 22 13
5 25 9
5 26 16
5 20 5
5 27 8
5 28 12
5 19 11
5 31 7
5 18 18
5 7 20
5 30 8
5 24 19
5 8 5
6 19 20
6 16 19
6 9 6
6 31 8
6 21 2
6 23 14
6 24 20
6 27 11
6 28 4
6 12 18
6 29 17
6 20 2
6 25 15
6 7 16
6 17 11
6 30 20
6 18 5
6 33 11
7 8 15
7 10 2
7 23 2
7 11 6
7 24 12
7 30 10
7 18 16
7 25 19
7 20 9
7 26 20
7 13 5
7 19 13
7 29 4
8 13 14
8 20 9
8 29 13
8 32 13
8 11 1
8 22 8
8 9 6
8 18 2
8 30 1
8 23 16
8 25 20
8 14 14
8 26 19
8 21 18
8 16 8
8 12 1
8 17 10
8 19 4
9 13 13
9 26 8
9 27 6
9 23 2
9 24 3
9 14 7
9 32 13
9 31 7
9 29 11
9 30 2
9 17 1
9 25 6
9 28 8
9 20 13
10 20 4
10 17 19
10 21 18
10 31 19
10 26 14
10 24 3
10 28 16
10 27 13
10 25 2
10 33 18
10 15 12
11 26 14
11 15 6
11 30 14
11 20 5
11 14 9
11 28 17
11 29 12
11 16 19
11 22 15
11 18 18
11 24 1
12 16 8
12 14 9
12 19 17
12 30 7
12 17 17
12 29 17
12 20 16
12 26 19
12 23 5
12 18 15
12 24 11
12 28 14
12 27 8
13 18 1
13 28 20
13 25 11
13 22 6
13 30 16
13 14 7
13 16 15
13 20 10
13 31 7
13 33 15
13 23 3
13 29 13
13 15 6
14 18 6
14 27 1
14 31 8
14 28 17
14 16 1
14 33 7
14 19 10
14 29 7
14 17 19
14 30 16
14 25 1
14 24 1
15 17 11
15 21 13
15 18 9
15 32 12
15 19 20
15 22 4
15 30 17
15 29 10
16 18 4
16 26 8
16 23 15
16 19 3
16 17 19
16 27 14
16 28 13
16 32 2
16 25 2
16 29 12
17 18 3
17 23 3
17 20 14
17 29 9
17 32 17
17 30 16
17 24 10
17 27 1
17 25 16
17 31 17
17 22 14
18 19 6
18 26 3
18 21 19
18 27 6
18 32 6
18 29 18
18 28 1
18 31 17
18 25 17
18 20 7
18 23 11
19 31 11
19 21 20
19 26 3
19 27 1
19 30 17
19 23 16
19 20 8
19 22 17
19 28 6
19 33 4
20 33 12
20 31 13
20 32 3
20 28 5
20 21 4
20 29 6
20 23 1
20 24 1
20 22 5
20 30 2
20 27 8
21 24 16
21 31 11
21 29 6
21 30 20
21 32 4
21 33 2
21 25 18
21 28 5
22 33 16
22 26 17
22 25 12
22 29 14
22 23 20
22 30 12
22 31 10
22 28 4
23 28 16
23 33 4
23 25 16
23 30 9
23 27 14
23 24 12
24 27 7
24 26 9
24 29 7
24 28 11
24 30 9
24 31 17
24 33 14
25 30 7
25 31 2
25 32 9
25 28 16
25 33 3
25 27 8
26 33 2
26 29 12
26 32 17
26 27 17
27 33 14
27 32 8
27 30 12
27 28 1
28 29 2
28 31 10
29 33 16
29 30 20
29 32 20
29 31 20
30 32 7
30 31 1
32 33 1
16 33 9 12
10 20 3 13
2 12 3 5
4 5 3 5
11 31 2 4
7 20 9 11
4 28 4 8
22 27 4 10
0 27 1 10
5 21 5 6
25 29 10 19
12 33 8 14
8 23 7 12
10 22 4 13
22 29 7 16
6 24 1 8
2 16 9 17
10 21 9 10
20 23 3 11
17 20 1 10
3 33 1 7
7 24 2 7
6 11 5 15
8 25 2 8
1 28 4 12
3 9 10 18
15 31 2 8
12 24 6 7
10 31 9 12
0 17 3 11
9 30 7 8
8 24 9 13
20 23 5 8
0 11 7 13
2 32 10 16
14 28 1 3
0 32 9 14
18 26 5 11
25 26 4 6
7 31 3 8
7 13 4 5
11 21 7 8
11 27 2 7
5 16 4 13
14 21 2 8
29 32 8 18
12 15 5 7
9 10 2 10
8 27 3 5
20 30 6 15
23 31 2 8
0 28 6 13
28 30 1 6
8 17 5 14
8 17 7 11
14 28 4 7
1 7 5 11
1 16 10 11
7 9 5 8
21 24 7 14
14 16 8 10
13 21 6 15
