0 19 13
0 27 9
0 24 2
0 33 4
0 7 7
0 18 10
0 28 2
0 13 16
0 11 19
0 30 5
0 15 17
0 2 8
0 16 1
0 14 5
0 8 6
0 26 16
0 10 20
0 17 18
0 29 16
0 3 2
1 32 12
1 8 4
1 3 1
1 11 1
1 31 7
1 4 19
1 26 12
1 21 9
1 22 19
1 33 15
1 13 16
1 19 3
1 2 19
1 17 4
1 20 18
1 9 4
1 6 14
1 5 10
1 10 6
1 30 1
1 15 7
1 27 12
1 29 3
2 5 20
2 17 5
2 6 4
2 32 16
2 30 4
2 16 11
2 22 13
2 23 14
2 11 14
2 10 5
2 9 6
2 33 11
2 4 10
2 18 8
2 24 17
2 8 9
2 21 20
2 7 1
2 19 6
2 28 9
2 31 10
2 3 1
2 14 19
3 32 1
3 4 6
3 7 9
3 8 16
3 5 20
3 16 3
3 33 2
3 26 1
3 13 4
3 10 15
3 11 4
3 28 8
3 18 17
3 24 16
3 17 12
3 21 15
3 31 12
3 12 15
3 19 1
3 27 16
3 25 7
3 30 10
4 21 10
4 13 19
4 6 8
4 10 9
4 24 2
4 28 16
4 7 1
4 33 20
4 16 3
4 18 2
4 11 7
4 14 15
4 30 7
4 19 4
4 29 16
4 17 3
5 20 2
5 19 4
5 24 1
5 30 5
5 17 11
5 12 16
5 6 5
5 8 2
5 29 10
5 13 3
5 11 8
5 16 13
5 27 10
5 22 1
5 10 11
6 18 13
6 19 12
6 33 3
6 26 20
6 27 19
6 23 5
6 28 10
6 14 7
6 15 3
6 24 2
6 13 13
6 21 18
6 16 7
6 29 10
6 11 15
7 24 6
7 30 12
7 20 7
7 16 18
7 19 19
7 14 3
7 23 1
7 28 19
7 18 2
7 33 12
7 21 14
7 17 8
7 9 11
7 10 5
7 13 7
7 26 10
7 22 8
7 25 7
8 21 16
8 9 13
8 20 5
8 19 3
8 10 15
8 22 18
8 14 9
8 30 13
8 32 3
8 18 9
8 12 9
8 31 9
8 24 6
8 11 9
8 25 16
8 15 10
9 17 12
9 18 6
9 30 5
9 12 1
9 31 15
9 25 11
9 29 7
9 32 7
9 23 2
9 28 12
9 33 5
9 15 12
9 20 18
9 22 14
9 19 6
9 13 16
10 32 1
10 22 2
10 28 15
10 25 18
10 24 8
10 23 20
10 18 8
10 15 12
10 21 16
10 31 13
10 29 12
10 16 15
10 33 15
10 19 7
10 11 7
10 14 13
10 26 2
10 12 19
11 23 6
11 14 18
11 20 6
11 32 16
11 22 11
11 12 3
11 33 13
11 18 7
11 28 19
11 19 6
11 30 8
11 31 14
11 24 7
12 28 16
12 30 15
12 29 5
12 16 5
12 25 11
12 21 3
12 15 9
12 13 1
12 31 18
12 20 16
13 14 5
13 20 1
13 21 8
13 25 14
13 15 11
13 24 10
13 27 9
13 16 7
13 30 7
13 32 17
13 31 8
14 16 8
14 19 19
14 17 19
14 31 12
14 32 19
14 21 3
14 29 9
14 23 13
14 28 16
14 26 17
14 27 9
14 25 1
14 24 11
14 33 12
14 15 15
14 20 13
14 18 18
15 32 19
15 19 12
15 18 12
15 26 7
15 24 2
15 33 6
15 21 18
15 31 20
15 30 18
15 16 7
15 22 16
16 17 9
16 20 12
16 27 7
16 18 14
16 19 2
16 28 12
16 24 13
16 22 5
16 31 8
16 25 6
16 21 12
16 26 8
17 19 14
17 31 18
17 20 17
17 23 3
17 22 13
17 24 8
17 25 14
17 27 20
17 29 10
17 33 17
18 33 14
18 26 2
18 31 10
18 25 13
18 28 10
18 23 4
18 27 12
18 24 11
18 22 13
18 19 19
19 27 15
19 21 20
19 22 13
19 28 16
19 26 19
19 31 3
19 24 19
19 23 7
19 33 7
19 29 2
19 25 14
20 31 16
20 32 5
20 25 3
20 33 16
20 27 4
20 26 4
21 32 13
21 26 12
21 29 1
21 24 14
21 31 10
21 30 15
21 33 3
22 30 4
22 32 3
22 26 20
22 25 9
23 29 3
23 32 4
23 30 6
23 27 7
23 28 15
24 25 16
24 31 16
24 28 4
24 26 4
25 28 9
25 32 12
25 33 14
25 26 6
25 31 13
25 29 17
26 29 8
26 28 16
26 30 13
26 31 2
26 33 19
26 27 4
27 30 20
27 32 18
27 29 7
27 28 19
28 29 6
28 30 2
28 33 17
28 32 3
29 31 6
29 33 5
30 32 14
30 33 1
30 31 16
31 33 12
32 33 3
1 33 3 7
21 22 6 10
1 27 3 13
29 32 8 17
17 22 5 6
28 31 9 14
13 27 6 10
1 10 6 7
5 20 3 11
2 13 10 12
18 22 7 10
15 20 7 16
10 28 2 5
16 25 5 12
22 27 5 8
26 29 10 13
6 18 8 13
12 29 10 17
11 30 4 8
8 31 8 17
13 33 2 4
7 32 10 12
3 7 2 3
20 33 9 14
13 20 1 2
16 33 8 12
0 30 7 17
4 19 7 14
16 28 10 18
13 20 1 8
9 17 3 8
16 21 9 16
23 30 2 10
2 19 10 20
15 20 9 12
18 31 6 14
8 18 5 15
14 21 3 10
2 22 4 6
1 12 5 13
16 32 2 3
7 30 7 10
3 4 10 16
2 9 10 12
5 17 3 10
14 30 7 8
7 23 6 12
1 2 2 10
20 33 9 16
18 22 5 8
21 33 7 9
1 7 9 18
12 22 6 10
2 13 5 8
0 10 10 12
0 8 7 16
13 26 6 15
18 33 3 6
11 30 2 12
23 24 3 8
15 31 1 2
4 15 8 9
