0 17 1
0 8 11
0 5 15
0 4 16
0 16 20
0 15 8
0 2 12
0 28 19
0 20 20
0 9 12
0 7 20
0 21 2
0 13 13
0 30 14
0 27 10
0 23 7
0 26 7
0 14 15
0 22 14
1 21 12
1 7 20
1 27 19
1 15 8
1 12 7
1 24 13
1 5 18
1 19 1
1 23 15
1 10 1
1 20 10
1 14 5
1 18 14
1 32 2
1 16 5
1 13 6
1 2 18
1 26 3
1 31 11
1 22 6
2 11 4
2 17 5
2 25 3
2 20 14
2 23 16
2 32 16
2 33 17
2 16 10
2 9 12
2 22 13
2 30 5
2 26 20
2 29 19
2 14 3
2 10 15
2 5 16
2 12 15
2 15 3
2 28 12
2 27 11
2 31 9
3 20 12
3 4 15
3 31 16
3 22 7
3 10 5
3 23 7
3 19 15
3 13 2
3 33 3
3 24 4
3 30 5
3 8 8
3 29 15
3 15 19
3 21 18
3 28 20
3 14 12
3 9 6
3 7 14
4 24 13
4 11 7
4 7 14
4 23 2
4 18 2
4 29 8
4 10 10
4 17 6
4 25 5
4 14 11
4 15 16
4 12 16
4 13 17
4 31 14
4 9 7
4 6 5
4 22 5
4 27 14
4 30 11
4 21 20
4 28 11
4 8 15
5 17 20
5 14 17
5 9 2
5 21 4
5 16 10
5 24 7
5 26 19
5 10 1
5 25 20
5 23 3
5 32 14
5 11 8
5 20 8
5 19 8
5 31 3
5 6 17
5 22 4
5 18 8
6 17 2
6 29 6
6 33 19
6 11 6
6 27 10
6 9 15
6 15 4
6 8 20
6 24 9
6 23 18
6 14 14
6 25 13
6 12 1
6 31 12
6 26 6
6 22 4
6 19 14
6 20 9
6 32 15
6 21 19
7 29 9
7 33 6
7 21 8
7 15 18
7 10 2
7 31 8
7 25 9
7 32 9
7 30 18
7 27 16
7 19 20
7 26 15
7 17 12
8 17 5
8 25 2
8 13 17
8 12 9
8 31 16
8 10 17
8 19 6
8 14 18
8 9 4
8 30 15
8 27 11
8 16 11
8 24 14
8 20 4
8 33 8
8 21 15
9 22 17
9 17 12
9 33 18
9 20 3
9 10 6
9 26 20
9 11 20
9 23 8
9 27 14
9 15 13
9 14 13
9 18 6
10 33 3
10 19 11
10 28 2
10 32 14
10 23 18
10 30 16
10 26 3
10 27 3
10 11 6
10 29 2
10 14 12
10 31 9
10 21 8
11 15 8
11 33 7
11 14 13
11 20 13
11 24 13
11 16 5
11 23 4
11 26 2
11 13 16
11 27 16
11 25 19
11 12 4
12 29 13
12 23 7
12 15 13
12 17 15
12 32 11
12 13 13
12 30 16
12 33 4
12 31 10
12 20 6
12 19 11
12 16 9
12 27 5
13 23 13
13 17 19
13 31 11
13 29 2
13 30 9
13 25 1
13 15 2
13 26 13
13 18 11
13 28 13
13 20 13
13 14 9
13 16 1
13 27 16
14 19 6
14 33 3
14 26 2
14 27 18
14 21 3
14 24 13
14 29 14
14 22 2
14 15 1
14 18 11
14 30 14
14 31 8
15 21 3
15 31 1
15 33 9
15 27 17
15 19 14
15 18 12
15 16 7
15 17 13
15 30 19
15 25 11
15 20 12
15 28 1
15 29 7
16 30 8
16 21 2
16 26 1
16 20 7
16 29 16
16 24 15
16 33 1
16 28 2
16 32 3
16 18 3
16 25 11
16 22 14
17 27 16
17 23 1
17 19 19
17 18 5
17 33 5
17 31 6
17 22 1
17 29 4
17 20 9
17 24 12
17 26 4
17 28 9
17 32 2
18 28 1
18 27 9
18 23 10
18 21 3
18 29 18
18 25 14
18 20 1
18 26 18
18 22 5
18 30 2
18 31 20
19 28 3
19 23 18
19 26 13
19 31 4
19 20 7
19 25 14
19 29 14
19 27 17
19 22 19
19 33 13
19 32 2
20 23 13
20 24 9
20 33 12
20 29 8
20 31 9
20 28 5
20 21 8
20 32 19
20 26 11
21 30 20
21 26 11
21 33 5
21 28 12
21 23 14
21 24 4
21 22 8
21 31 3
21 29 17
22 24 17
22 33 18
22 23 12
22 30 17
22 29 8
22 31 13
23 30 3
23 26 7
23 32 5
23 33 17
23 27 18
23 25 9
24 28 3
24 32 5
24 25 15
24 29 7
24 33 20
25 33 15
25 28 20
25 27 1
25 31 15
25 26 7
25 30 5
26 28 20
27 33 1
27 28 2
27 32 16
27 29 3
27 31 19
28 32 15
28 30 17
28 29 20
29 32 19
29 33 15
29 31 6
29 30 17
30 33 4
30 32 18
31 33 19
32 33 16
22 31 9 11
10 31 7 17
0 1 3 7
4 5 9 18
4 20 3 7
21 24 2 5
13 33 8 18
13 30 4 13
14 26 3 7
6 31 7 14
4 17 2 12
21 32 9 14
24 30 10 16
1 6 3 12
20 31 4 13
19 28 3 7
17 27 4 11
6 30 2 6
19 28 5 7
16 28 3 13
22 30 10 12
12 32 3 12
4 31 2 6
1 32 7 13
3 10 8 14
6 30 10 16
11 30 2 7
7 31 10 20
8 24 9 19
13 27 2 11
6 18 4 12
11 31 10 13
5 25 7 9
5 15 5 12
6 20 8 12
8 31 8 10
4 5 7 13
12 29 10 13
31 33 4 6
24 26 7 15
5 27 10 14
4 22 6 16
15 30 3 4
17 26 4 14
9 21 6 15
13 20 7 11
1 24 2 11
13 23 6 7
11 15 2 7
18 29 8 12
23 24 4 10
7 17 1 2
11 32 3 4
5 24 9 19
4 21 4 13
7 25 6 8
17 30 6 7
7 18 9 17
12 27 6 11
5 26 9 14
5 32 3 10
