0 16 14
0 26 18
0 25 6
0 8 5
0 23 4
0 6 7
0 15 4
0 12 16
0 24 6
0 14 13
0 19 5
0 2 6
0 27 14
0 13 9
0 5 19
0 4 9
0 17 3
0 20 18
0 3 13
0 32 19
1 19 14
1 17 14
1 22 8
1 29 17
1 33 16
1 7 20
1 26 8
1 18 17
1 27 15
1 5 18
1 21 8
1 6 4
1 16 2
1 2 13
1 4 4
1 9 18
1 28 11
1 11 12
1 20 6
2 17 6
2 10 10
2 30 16
2 15 19
2 8 9
2 4 9
2 6 1
2 9 7
2 11 19
2 28 2
2 3 18
2 31 16
2 33 3
2 18 17
2 23 11
2 24 16
2 21 11
2 13 15
2 14 14
2 25 16
2 27 14
2 29 5
3 26 15
3 17 19
3 14 18
3 7 2
3 27 7
3 22 11
3 19 6
3 18 20
3 20 13
3 13 3
3 21 18
3 25 17
3 12 6
3 29 18
3 6 18
3 8 15
3 10 13
3 32 14
3 5 20
4 17 4
4 25 8
4 12 19
4 24 18
4 32 6
4 10 6
4 30 10
4 21 4
4 9 5
4 5 16
4 15 6
4 22 4
4 14 10
4 33 18
4 23 18
4 7 18
5 19 5
5 9 13
5 32 18
5 29 18
5 24 20
5 14 11
5 27 7
5 8 20
5 17 5
5 33 4
5 28 5
5 10 3
5 20 13
5 7 18
5 11 13
5 30 9
5 18 14
5 21 12
5 22 13
6 15 12
6 12 8
6 19 8
6 16 18
6 25 16
6 30 1
6 17 11
6 14 16
6 29 6
6 23 2
6 26 10
6 8 4
6 20 5
6 21 19
6 28 10
6 13 15
6 10 19
6 32 13
6 33 17
6 11 8
7 8 14
7 14 5
7 22 7
7 11 5
7 17 4
7 12 7
7 24 5
7 20 16
7 32 9
7 19 17
7 13 4
7 15 8
7 26 16
7 29 16
7 31 5
7 25 19
7 18 12
7 9 13
7 27 9
7 23 6
7 28 20
8 31 16
8 32 11
8 28 5
8 13 8
8 9 14
8 30 6
8 26 11
8 25 2
8 29 7
8 16 20
8 11 5
8 19 18
8 12 7
8 17 8
9 27 12
9 17 19
9 33 14
9 24 18
9 19 20
9 25 11
9 29 19
9 30 11
9 12 8
9 21 10
9 13 1
9 28 14
9 18 18
9 26 20
9 16 6
9 11 10
10 30 12
10 33 10
10 20 13
10 23 12
10 29 5
10 18 3
10 28 12
10 17 17
10 25 14
10 32 12
10 26 7
10 27 8
10 21 13
10 22 14
10 12 1
10 16 1
10 24 16
10 13 5
10 15 12
10 14 16
11 20 3
11 17 20
11 31 5
11 27 15
11 33 6
11 21 15
11 26 9
11 28 6
11 14 14
11 15 1
11 25 12
11 23 2
11 19 3
11 12 5
11 18 4
12 33 6
12 26 5
12 32 15
12 17 8
12 13 3
12 18 7
12 25 18
12 16 19
12 31 4
12 19 9
12 28 17
12 14 17
12 24 18
13 30 15
13 18 2
13 15 4
13 21 3
13 23 3
13 31 19
13 25 6
13 17 9
13 22 16
13 27 7
13 33 4
14 15 9
14 20 19
14 32 4
14 26 20
14 16 20
14 23 20
14 27 5
14 17 19
14 24 10
14 30 20
14 29 10
14 31 12
14 25 1
15 23 6
15 18 9
15 27 2
15 20 2
15 31 16
15 30 1
15 22 1
15 26 11
15 32 1
16 30 18
16 17 20
16 29 16
16 26 9
16 25 12
16 23 7
16 28 15
16 21 6
17 27 14
17 30 18
17 20 10
17 19 2
17 25 14
17 22 8
17 29 1
17 26 8
17 23 3
18 26 20
18 30 10
18 22 8
18 31 7
18 27 17
18 19 14
18 24 16
18 25 14
18 32 17
18 21 20
18 29 7
19 31 19
19 30 11
19 32 17
19 24 4
19 33 4
19 25 6
19 28 11
19 22 11
20 25 16
20 31 2
20 33 4
20 27 20
20 24 1
21 32 6
21 31 10
21 30 8
21 24 8
21 23 3
21 28 2
21 26 17
21 25 11
22 27 20
22 25 4
22 26 9
22 29 16
22 30 8
22 23 5
22 33 9
22 32 19
22 31 16
23 31 8
23 30 7
23 24 7
23 28 14
23 27 3
23 32 15
23 26 14
23 29 5
23 25 4
24 32 14
24 27 13
24 26 3
24 28 2
24 29 14
24 31 20
24 30 9
24 33 9
25 30 9
25 27 1
25 26 1
25 32 15
25 31 2
25 33 16
26 30 8
26 27 2
26 33 19
27 28 19
27 33 4
27 32 6
27 30 11
28 31 10
28 29 4
28 32 3
28 33 17
29 33 4
29 31 11
30 33 11
32 33 7
2 25 5 11
20 24 6 13
11 22 10 11
11 32 5 7
19 24 4 13
8 30 9 11
26 30 3 13
2 8 7 12
2 32 9 19
19 29 6 13
16 33 7 17
1 30 1 4
31 33 5 15
0 2 1 10
10 21 10 18
5 15 2 5
12 27 5 15
13 20 10 14
1 23 4 11
9 20 2 6
4 16 9 15
16 21 4 5
0 11 8 9
8 12 5 14
13 30 2 6
18 22 5 6
8 23 4 12
25 29 10 18
6 33 5 10
0 29 8 10
5 18 5 11
0 24 6 8
17 19 8 16
6 29 3 4
14 20 7 17
8 20 8 12
19 26 6 12
15 24 7 17
19 21 10 20
11 29 2 6
18 22 2 3
6 23 9 15
17 23 3 13
14 19 10 12
11 18 5 13
1 26 6 14
1 8 4 12
9 23 10 16
1 24 7 10
18 21 2 4
20 32 1 4
7 22 8 9
0 26 10 16
28 32 10 19
8 17 2 3
6 9 9 18
19 26 8 14
3 12 7 8
1 2 9 18
9 15 7 16
