0 11 14
0 20 17
0 32 18
0 15 15
0 16 9
0 12 7
0 6 7
0 23 6
0 14 13
0 13 17
0 9 2
0 18 8
0 25 1
0 21 16
0 22 4
0 24 6
0 8 17
0 27 11
0 33 14
0 1 18
0 30 2
0 28 3
0 5 6
0 4 8
0 17 11
0 29 19
1 16 9
1 18 11
1 25 9
1 7 16
1 14 5
1 26 18
1 12 6
1 13 17
1 31 4
1 28 14
1 19 20
1 2 3
1 20 9
1 3 15
1 5 17
1 6 18
1 21 9
1 33 13
1 10 6
1 4 11
2 32 6
2 26 3
2 5 8
2 25 10
2 13 10
2 15 14
2 22 3
2 21 18
2 31 10
2 33 5
2 27 1
2 20 6
2 6 16
2 14 14
2 19 5
2 30 16
3 13 17
3 22 18
3 16 10
3 33 4
3 25 5
3 31 16
3 8 15
3 26 12
3 29 4
3 7 3
3 10 16
3 20 7
3 5 12
3 27 15
3 19 15
3 14 8
3 11 11
3 18 10
3 9 11
3 17 15
3 12 3
3 15 9
3 23 13
3 32 12
4 26 12
4 25 7
4 22 5
4 15 4
4 8 8
4 24 19
4 21 14
4 13 6
4 28 14
4 23 20
4 27 2
4 7 14
4 9 11
4 16 15
4 30 16
4 29 4
5 7 20
5 13 11
5 30 20
5 18 16
5 33 13
5 19 14
5 24 14
5 11 4
5 12 3
5 23 11
5 26 2
5 8 16
5 17 20
5 14 17
5 16 3
5 6 9
5 10 3
5 9 6
5 27 16
6 33 18
6 16 7
6 28 17
6 30 11
6 14 17
6 7 15
6 10 10
6 17 4
6 18 16
6 23 12
6 9 18
6 24 16
7 21 17
7 26 5
7 32 17
7 33 13
7 12 7
7 17 9
7 13 18
7 27 16
7 20 1
7 11 7
7 10 3
7 30 6
7 16 16
7 25 17
7 19 12
7 31 17
8 23 16
8 30 5
8 14 15
8 20 20
8 21 20
8 9 3
8 13 2
8 28 14
8 32 7
8 31 10
8 15 18
8 27 7
8 16 17
8 17 17
8 24 18
8 26 2
9 20 9
9 11 1
9 16 13
9 12 1
9 21 12
9 18 8
9 15 10
9 26 20
9 22 12
9 25 17
9 33 4
9 32 2
9 24 14
9 10 11
10 19 11
10 21 17
10 32 14
10 33 10
10 23 2
10 22 18
10 24 3
10 30 12
10 14 20
10 20 10
10 15 13
10 25 3
10 26 11
10 16 14
10 29 14
10 27 2
11 20 14
11 27 12
11 29 18
11 12 19
11 31 11
11 25 15
11 23 1
11 30 13
11 26 3
11 13 19
11 32 12
11 16 13
11 28 11
11 17 6
11 19 1
12 23 17
12 18 10
12 32 3
12 27 15
12 13 7
12 28 1
12 20 1
12 26 5
12 17 18
12 22 7
12 30 1
12 25 19
12 31 7
12 14 20
12 24 14
12 33 10
12 16 5
12 19 13
13 20 13
13 24 16
13 15 3
13 31 18
13 32 6
13 30 13
13 17 20
13 27 7
13 26 18
13 21 2
13 22 13
13 19 6
13 28 10
14 29 6
14 25 1
14 16 4
14 20 18
14 26 2
14 23 12
14 17 11
14 15 13
14 32 2
14 19 15
14 24 5
14 18 15
15 27 8
15 24 4
15 31 18
15 32 7
15 26 4
15 18 11
15 16 16
16 33 17
16 25 18
16 32 3
16 20 16
16 30 8
16 27 15
16 21 11
16 29 10
16 31 6
16 24 2
17 20 9
17 28 12
17 30 10
17 32 11
17 24 10
17 27 14
17 33 18
17 19 10
17 23 19
17 18 13
17 22 18
18 21 12
18 22 10
18 28 1
18 19 16
18 32 20
18 29 13
18 26 15
18 33 2
18 31 13
18 27 2
18 23 5
19 29 13
19 22 10
19 30 17
19 23 18
19 27 20
19 25 16
19 31 19
20 31 5
20 27 1
20 29 12
20 28 14
20 30 14
20 33 19
20 26 17
20 22 4
20 32 9
20 24 16
21 28 3
21 33 3
21 29 18
21 32 9
21 30 9
21 27 12
21 23 20
21 22 3
21 26 13
21 31 6
22 32 1
22 27 18
22 31 2
22 24 17
22 33 20
23 26 3
23 25 3
23 30 8
23 33 11
23 27 12
23 24 16
24 25 7
24 28 17
24 26 15
24 33 12
24 30 3
24 32 4
25 27 5
25 26 12
25 31 2
25 30 20
25 33 18
26 33 5
26 28 17
26 32 19
26 29 12
27 32 3
27 33 16
27 30 15
27 28 18
27 29 3
27 31 1
28 31 19
28 32 5
28 30 9
28 33 2
28 29 4
29 33 1
29 32 13
29 30 11
30 32 1
30 33 4
31 32 3
31 33 2
32 33 16
10 19 8 15
21 31 10 14
18 25 9 10
13 28 7 12
9 19 5 12
10 18 9 11
3 23 1 7
4 12 1 3
4 12 10 18
2 33 5 12
7 16 2 7
8 18 1 4
0 15 3 13
24 31 9 18
26 32 3 8
10 23 4 10
0 5 10 11
12 29 10 11
1 20 6 9
2 8 6 13
10 12 10 14
8 26 1 10
12 19 9 14
5 8 2 6
7 18 5 12
20 28 1 3
11 18 1 8
0 27 10 12
8 14 5 7
5 7 9 18
14 26 7 16
4 20 4 8
25 28 2 5
1 13 10 13
15 31 3 10
6 25 5 15
9 14 10 11
7 22 8 16
8 13 1 9
18 23 4 13
9 29 6 10
3 33 1 6
9 28 5 6
16 31 10 20
14 31 2 11
21 25 6 12
15 33 6 16
8 11 3 9
3 29 9 16
6 12 6 16
2 28 4 10
4 24 8 16
2 18 6 13
13 16 5 9
0 26 10 16
6 11 6 9
12 32 9 18
15 16 1 3
5 13 1 5
27 31 9 11
16 17 4 7
17 29 2 8
