0 26 4
0 24 7
0 20 15
0 21 4
0 7 12
0 11 3
0 29 6
0 27 9
0 14 19
0 15 2
0 8 5
0 28 17
0 2 3
0 4 10
0 33 5
0 31 17
0 10 8
0 13 5
0 18 3
0 25 11
0 19 13
1 3 18
1 7 1
1 31 16
1 12 1
1 2 15
1 18 1
1 20 15
1 16 17
1 25 2
1 17 2
1 13 2
1 29 10
1 4 7
1 24 7
1 14 6
1 21 5
1 19 16
1 30 16
1 22 11
1 32 13
1 23 2
1 10 5
1 9 15
1 26 3
1 33 2
1 11 3
1 15 6
2 20 16
2 19 16
2 10 12
2 29 13
2 16 18
2 25 10
2 24 13
2 9 2
2 26 4
2 5 13
2 33 4
2 17 4
2 32 18
2 30 3
2 27 7
2 23 5
2 15 17
3 28 20
3 30 14
3 10 16
3 20 15
3 17 17
3 19 15
3 23 8
3 25 16
3 31 4
3 29 16
3 21 2
3 33 13
3 6 19
3 18 7
3 22 15
3 4 1
3 26 12
3 13 10
3 16 11
4 10 7
4 7 6
4 8 15
4 15 13
4 14 8
4 9 6
4 17 12
4 13 7
4 22 13
4 25 16
4 31 9
4 6 3
4 19 16
4 33 6
4 21 5
4 27 1
4 12 9
4 20 1
5 33 13
5 26 2
5 14 17
5 31 17
5 9 5
5 27 11
5 19 7
5 20 4
5 30 19
5 15 15
5 13 6
5 11 6
5 32 17
5 22 6
5 25 16
6 31 13
6 12 9
6 8 20
6 29 4
6 9 6
6 18 11
6 26 12
6 14 16
6 7 7
6 10 15
6 28 7
6 16 7
6 11 18
6 24 17
6 30 8
6 19 16
7 24 6
7 25 5
7 14 6
7 16 4
7 15 7
7 21 14
7 23 16
7 11 6
7 10 7
7 29 7
7 12 14
7 27 3
7 33 6
7 28 16
7 30 16
8 22 15
8 33 18
8 32 17
8 24 7
8 25 12
8 18 11
8 19 11
8 11 17
8 20 3
8 29 6
8 16 8
8 21 13
8 10 6
8 31 7
8 12 10
8 30 9
9 10 6
9 31 12
9 13 5
9 17 4
9 11 2
9 26 1
9 28 17
9 29 20
9 19 7
9 18 9
9 20 18
9 30 13
9 25 2
9 24 8
9 22 19
9 12 8
10 33 2
10 19 14
10 31 4
10 27 7
10 11 20
10 24 2
10 25 14
10 13 4
10 22 8
10 12 13
10 32 11
10 28 4
10 17 18
10 30 5
11 25 17
11 24 11
11 27 2
11 31 1
11 28 16
11 20 4
11 18 19
11 19 12
11 16 20
11 17 10
11 29 10
11 22 13
11 14 1
11 23 13
11 26 20
12 29 4
12 31 8
12 17 6
12 18 6
12 23 15
12 33 5
12 28 2
12 19 13
12 16 10
12 15 8
12 25 19
13 21 11
13 26 18
13 24 20
13 28 6
13 27 9
13 20 4
13 30 20
13 22 12
13 29 9
13 19 5
13 25 10
13 14 6
13 32 3
13 23 11
14 33 13
14 23 12
14 30 14
14 18 11
14 28 4
14 32 7
14 24 15
14 20 13
14 17 7
14 29 16
14 21 13
14 16 13
14 26 15
15 33 17
15 21 20
15 28 7
15 26 13
15 23 19
15 32 6
15 29 1
15 27 3
15 20 16
15 19 14
15 30 15
15 22 18
16 28 1
16 31 13
16 29 20
16 24 2
16 19 5
16 17 7
16 25 10
16 30 7
16 27 1
16 23 20
16 18 1
16 26 17
16 20 2
17 18 3
17 23 19
17 29 7
17 24 2
17 21 4
17 19 14
17 26 10
17 32 5
17 25 1
17 28 3
17 31 18
17 22 13
18 33 18
18 23 3
18 20 18
18 24 9
18 22 14
18 29 3
18 27 1
18 30 2
18 21 20
18 26 3
19 28 8
19 32 17
19 30 3
19 26 9
19 21 3
19 23 1
19 31 14
19 22 5
20 29 5
20 22 16
20 32 16
20 24 8
20 30 9
20 27 7
20 28 6
20 23 14
20 21 12
20 31 7
20 33 10
20 26 9
21 29 6
21 28 14
21 26 16
21 25 4
21 27 17
21 23 2
21 32 17
21 22 17
21 31 16
22 24 14
22 32 11
22 26 6
22 27 1
23 32 18
23 24 1
23 27 15
23 28 19
23 30 20
23 33 15
23 26 6
24 31 10
24 29 5
24 30 3
25 27 17
25 31 10
25 33 15
25 32 2
25 28 6
26 31 1
26 27 12
26 32 8
26 33 5
26 30 15
26 28 8
27 30 3
27 33 11
28 32 8
28 33 2
28 29 15
29 30 1
29 33 17
29 32 8
29 31 9
30 31 20
30 33 3
31 32 2
18 29 2 4
13 27 8 17
9 15 4 8
8 20 1 8
1 20 2 3
2 7 10 12
9 15 1 9
5 30 4 11
11 22 4 7
7 14 2 4
3 19 2 3
20 21 9 12
14 27 3 12
13 22 2 8
8 22 9 12
2 9 4 13
12 32 6 9
1 18 6 9
11 23 7 10
3 16 8 18
8 24 3 13
5 9 2 3
0 26 4 14
19 21 2 8
0 1 8 11
14 15 1 8
8 30 10 12
19 22 4 10
1 4 1 4
28 30 4 6
0 14 4 7
0 26 3 9
4 14 9 19
15 29 5 13
22 31 5 12
14 18 7 15
18 28 5 12
31 32 5 6
17 32 1 7
13 23 4 7
3 21 8 15
30 32 9 10
0 2 6 8
5 21 3 10
8 27 10 20
3 6 6 8
7 25 9 17
30 32 3 12
8 15 6 16
19 24 10 18
24 28 6 15
18 30 3 7
11 24 8 12
5 7 2 12
19 22 8 15
7 28 5 10
4 20 6 7
5 24 4 7
31 32 8 16
9 25 5 8
0 14 7 14
4 12 7 8
2 17 8 15
19 21 5 8
19 27 6 13
