0 33 10
0 2 1
0 30 14
0 25 4
0 19 15
0 21 16
0 1 4
0 8 17
0 14 17
0 16 7
0 22 12
0 32 3
0 3 11
0 6 7
0 18 5
0 5 13
0 24 8
1 2 12
1 32 8
1 12 8
1 9 13
1 8 19
1 3 18
1 31 15
1 17 14
1 11 13
1 14 7
1 10 6
1 21 18
1 23 20
1 13 12
1 4 3
1 5 16
2 4 12
2 3 3
2 16 13
2 30 14
2 24 16
2 18 18
2 6 12
2 14 5
2 27 20
2 12 2
2 11 13
2 8 16
2 20 7
2 7 19
2 17 17
2 22 3
2 33 4
2 15 17
2 19 10
2 9 1
2 29 9
2 13 10
2 10 12
3 12 20
3 29 6
3 22 20
3 18 12
3 26 16
3 33 1
3 28 11
3 19 8
3 5 20
3 15 16
3 7 8
3 23 8
3 14 9
3 10 9
3 13 10
3 24 9
3 9 17
3 21 13
3 16 2
4 16 18
4 26 14
4 19 6
4 13 15
4 31 13
4 21 10
4 5 15
4 30 4
4 18 7
4 23 4
4 25 8
4 28 10
4 32 18
4 24 18
4 12 19
4 17 8
4 29 17
5 28 2
5 18 10
5 21 20
5 25 13
5 13 5
5 6 15
5 23 9
5 22 11
5 33 14
5 26 13
5 8 14
5 29 20
5 27 1
5 17 4
5 9 17
5 15 8
5 32 16
5 14 15
5 7 14
5 12 15
6 16 12
6 13 16
6 12 20
6 8 19
6 32 18
6 23 19
6 10 12
6 15 16
6 30 18
6 19 13
6 29 18
6 31 2
6 26 20
6 28 1
6 20 16
6 18 4
6 33 16
7 14 2
7 20 15
7 18 6
7 31 11
7 30 7
7 24 7
7 29 11
7 15 19
7 8 2
7 26 9
7 16 14
7 33 17
7 27 20
7 22 3
7 21 5
7 9 17
7 13 19
7 23 8
7 19 15
8 31 6
8 10 4
8 15 16
8 13 17
8 21 2
8 29 18
8 28 4
8 30 11
8 26 5
8 33 13
8 27 13
8 25 5
8 20 8
8 16 8
8 17 14
8 18 10
8 9 4
8 19 5
8 11 7
9 26 2
9 17 1
9 30 13
9 33 10
9 13 2
9 12 11
9 31 15
9 19 7
9 14 19
9 23 19
9 28 1
9 20 9
9 15 1
9 18 5
9 25 13
9 29 11
10 14 5
10 11 17
10 13 8
10 25 2
10 20 11
10 16 15
10 19 1
10 12 15
10 23 14
10 22 1
10 27 2
10 18 4
10 17 2
10 21 16
10 32 16
10 15 15
11 16 9
11 20 14
11 21 3
11 29 5
11 31 14
11 12 17
11 32 13
11 25 17
11 13 2
11 24 16
11 30 2
11 33 1
11 18 7
11 23 6
11 28 16
11 27 13
11 22 3
11 17 4
12 16 17
12 21 9
12 32 16
12 23 15
12 29 18
12 19 10
12 28 19
12 14 2
12 18 14
12 30 18
12 25 10
12 17 16
13 15 20
13 29 3
13 14 13
13 30 6
13 27 6
13 16 11
13 21 11
13 20 16
13 25 10
13 17 15
13 26 14
13 24 15
13 23 8
13 22 4
14 18 13
14 17 20
14 24 20
14 28 9
14 23 13
14 22 10
14 26 3
14 29 19
14 30 18
14 15 20
14 25 7
14 32 7
15 22 15
15 20 5
15 31 9
15 33 3
15 23 9
15 28 3
15 16 5
15 27 19
16 22 20
16 31 1
16 26 4
16 30 6
16 20 1
16 24 11
16 21 20
16 23 9
16 28 6
16 32 20
17 20 16
17 24 7
17 29 12
17 30 12
17 27 6
17 23 4
17 31 10
17 25 6
17 22 18
17 18 8
17 26 1
17 33 1
18 25 11
18 20 1
18 21 5
18 23 6
18 31 17
18 26 13
18 22 3
18 19 14
18 32 9
19 27 6
19 31 7
19 33 3
19 22 20
19 23 12
19 28 18
19 26 13
19 20 16
19 21 11
19 30 20
20 27 14
20 29 8
20 25 1
20 31 13
20 23 12
20 33 8
20 30 2
20 32 16
21 32 3
21 24 2
21 26 3
21 31 3
21 30 14
21 27 19
22 31 9
22 23 6
22 32 13
22 30 15
22 28 1
23 29 16
23 27 13
23 30 16
23 24 19
23 32 18
23 33 19
24 26 12
24 25 15
24 30 15
24 33 9
25 27 19
25 32 6
25 31 10
25 29 7
25 28 6
26 29 14
26 33 13
26 28 9
26 27 2
26 31 1
26 32 5
27 30 19
27 29 14
27 31 17
27 33 5
27 28 5
28 29 20
28 33 18
28 31 6
28 30 12
29 31 15
29 30 10
29 32 8
29 33 6
30 31 13
30 32 2
30 33 4
31 33 20
31 32 3
0 7 4 11
1 32 9 15
11 15 6 16
7 19 3 5
2 29 9 17
0 21 7 15
3 11 1 11
13 26 4 5
4 12 2 5
2 12 9 18
24 32 4 12
3 33 4 13
11 17 7 10
23 31 5 9
0 33 7 15
18 33 5 14
13 14 8 11
19 29 10 13
27 29 10 19
6 18 6 7
1 6 2 5
24 32 8 15
17 25 1 3
6 7 1 3
9 17 8 14
3 12 8 9
22 25 4 9
6 25 7 10
2 12 3 13
24 32 7 16
0 20 5 14
6 14 5 8
13 18 3 7
1 26 5 13
31 32 2 4
8 31 5 11
17 28 3 6
16 20 4 8
10 26 6 15
12 18 8 9
12 21 8 9
23 28 6 7
4 6 2 11
15 32 4 14
2 24 1 6
10 19 7 11
10 31 4 6
14 23 8 17
1 11 8 16
29 31 7 10
23 28 7 11
8 14 4 10
4 21 4 7
7 16 1 3
22 29 9 17
10 19 1 10
6 27 8 11
8 24 4 7
0 24 5 6
5 8 5 15
12 17 1 9
26 33 3 5
