0 27 9
0 24 19
0 23 13
0 18 16
0 9 12
0 11 3
0 16 4
0 19 4
0 21 5
0 6 14
0 2 16
0 20 4
0 29 13
0 25 19
0 14 17
0 15 10
0 30 20
0 22 2
0 17 3
0 8 5
0 31 6
0 7 13
1 14 4
1 28 15
1 5 20
1 13 4
1 21 17
1 18 6
1 8 1
1 30 12
1 16 6
1 4 18
1 19 3
1 6 11
1 25 11
1 15 7
1 27 10
1 12 2
1 23 7
1 3 3
1 33 3
1 22 7
2 14 7
2 17 20
2 15 15
2 31 17
2 22 3
2 24 20
2 5 19
2 19 7
2 10 9
2 13 15
2 7 18
2 8 9
2 4 16
2 29 13
2 26 19
2 32 4
2 25 16
2 12 3
2 18 15
2 20 13
2 28 20
3 25 17
3 14 4
3 27 4
3 19 14
3 15 10
3 28 13
3 11 11
3 20 5
3 18 2
3 10 2
3 33 2
3 30 12
3 29 15
3 22 18
3 5 8
3 12 17
4 29 6
4 11 14
4 12 5
4 16 16
4 9 7
4 18 5
4 20 9
4 17 5
4 32 20
4 31 6
4 15 15
4 6 6
4 30 9
4 5 18
4 10 9
4 21 2
5 8 1
5 24 5
5 27 8
5 30 8
5 11 1
5 14 16
5 23 1
5 28 11
5 12 6
5 15 8
5 10 13
5 19 19
5 25 18
5 7 17
5 6 2
5 9 12
5 13 10
5 32 4
5 29 3
6 22 20
6 20 15
6 23 8
6 10 17
6 26 13
6 33 7
6 25 11
6 15 3
6 8 20
6 32 4
6 27 8
6 30 18
6 17 7
6 14 15
6 16 14
6 28 15
6 31 10
6 29 11
6 21 12
7 17 18
7 25 15
7 10 4
7 19 2
7 23 11
7 13 9
7 33 7
7 24 17
7 22 10
7 21 19
7 11 2
7 32 15
7 28 11
7 27 17
7 20 11
7 26 17
8 18 15
8 26 16
8 29 4
8 28 18
8 23 3
8 11 12
8 19 9
8 20 6
8 32 20
8 13 19
8 33 20
8 30 5
8 12 7
8 24 16
8 27 10
8 14 19
9 10 2
9 16 14
9 23 20
9 33 11
9 19 14
9 11 6
9 21 16
9 26 7
9 17 12
9 27 17
9 31 6
9 14 18
9 28 1
9 25 14
9 15 10
9 12 10
9 32 6
10 17 15
10 13 5
10 15 7
10 32 12
10 33 6
10 22 8
10 14 6
10 19 1
10 18 4
10 26 5
10 31 14
10 24 8
10 16 4
10 20 8
11 16 12
11 19 3
11 28 18
11 13 8
11 30 18
11 12 6
11 22 16
11 14 7
11 18 10
11 26 10
11 29 2
11 27 11
11 25 13
11 21 5
11 15 16
11 33 15
11 23 12
11 31 8
12 15 17
12 32 6
12 28 11
12 26 19
12 14 6
12 29 11
12 17 12
12 20 16
12 21 18
12 25 7
12 30 18
12 33 16
13 31 10
13 26 15
13 29 20
13 15 7
13 25 6
13 17 20
13 32 19
13 20 3
13 30 13
13 21 16
13 22 1
13 24 13
13 18 5
14 33 7
14 31 13
14 25 3
14 23 15
14 18 9
14 22 14
14 26 6
14 30 16
14 28 6
14 15 9
14 27 4
14 21 2
14 16 16
15 26 12
15 18 4
15 24 4
15 25 20
15 31 7
15 32 20
15 20 18
15 29 1
15 33 10
16 23 8
16 24 17
16 17 15
16 28 4
16 25 6
16 30 6
16 32 8
16 18 2
16 22 12
16 20 18
16 27 8
17 26 2
17 27 1
17 33 1
17 31 9
17 32 15
17 18 8
17 21 13
17 29 3
17 30 13
17 24 14
17 22 3
17 25 19
17 20 3
18 26 6
18 32 1
18 30 18
18 23 12
18 24 12
18 22 10
18 20 20
19 33 11
19 21 15
19 30 13
19 32 13
19 24 10
19 26 15
19 27 10
19 29 2
19 25 4
19 31 4
20 27 9
20 24 4
20 26 4
20 21 19
20 25 18
20 23 1
20 22 9
21 28 5
21 26 9
21 27 9
21 29 12
21 30 19
21 31 10
21 23 20
21 33 15
21 24 14
22 26 7
22 23 2
22 30 11
22 33 2
22 25 7
22 32 15
22 24 9
22 28 1
22 29 12
23 24 3
23 33 16
23 29 7
23 25 14
23 28 11
23 30 6
24 31 5
24 25 10
24 32 12
24 33 10
24 30 1
24 28 2
24 27 14
24 29 7
24 26 18
25 31 16
25 33 5
25 29 4
25 32 14
25 30 4
26 32 10
26 33 19
26 29 18
26 31 7
26 30 2
27 29 19
27 33 20
27 30 3
27 31 12
27 28 1
28 31 3
29 32 7
29 31 16
30 32 4
30 33 3
31 33 10
32 33 2
14 33 7 13
18 22 6 15
20 22 7 11
7 32 1 4
13 23 1 7
5 31 8 18
0 3 6 12
4 16 9 13
2 16 7 8
0 7 1 6
1 15 5 11
19 22 8 14
15 31 8 13
32 33 7 15
14 33 9 19
18 21 7 14
15 29 8 13
8 32 5 8
25 31 10 19
15 28 6 16
13 17 1 3
10 22 6 16
6 12 3 12
1 19 8 18
16 19 3 6
13 25 10 18
9 23 10 11
6 24 5 11
16 20 4 11
23 29 5 9
12 30 9 15
25 27 6 9
6 31 7 10
1 9 3 5
3 31 7 10
8 23 1 4
9 16 3 9
10 24 8 16
8 11 9 17
5 18 1 4
8 11 8 18
22 28 10 17
4 30 10 20
30 33 6 16
22 25 4 14
4 16 9 17
11 18 3 10
26 33 8 14
0 7 9 11
12 31 1 6
17 18 7 11
11 15 5 12
1 2 4 13
11 25 10 14
12 24 9 11
20 29 8 15
6 14 2 11
13 31 6 7
1 3 7 15
7 29 6 10
2 27 6 16
