0 16 1
0 6 16
0 7 19
0 5 19
0 3 10
0 32 6
0 25 6
0 27 8
0 8 2
0 24 7
0 14 4
0 33 8
0 1 10
0 9 9
0 11 12
0 2 15
0 31 20
0 10 7
0 23 12
1 13 13
1 17 2
1 10 2
1 21 20
1 16 3
1 22 12
1 7 17
1 25 7
1 20 2
1 24 19
1 26 5
1 8 18
1 12 8
1 32 16
1 23 2
1 27 3
1 9 19
1 30 12
1 15 7
1 28 4
2 5 10
2 14 6
2 28 10
2 16 4
2 12 9
2 27 6
2 13 17
2 23 6
2 7 10
2 29 1
2 31 19
2 9 8
2 8 15
2 26 11
2 32 20
2 3 3
2 21 1
2 10 13
2 17 4
2 24 15
2 30 20
2 22 11
2 20 5
3 8 7
3 12 2
3 30 1
3 20 1
3 10 3
3 16 2
3 23 12
3 19 8
3 17 20
3 5 12
3 13 11
3 21 10
3 11 18
3 6 10
3 9 19
3 26 10
3 31 19
3 18 8
3 24 3
4 29 19
4 7 20
4 18 4
4 9 17
4 5 3
4 33 6
4 23 11
4 26 15
4 25 19
4 30 7
4 10 4
4 17 10
4 22 7
4 16 5
4 28 14
4 15 18
4 20 2
4 19 14
5 20 7
5 10 9
5 26 20
5 12 19
5 16 17
5 21 11
5 29 19
5 27 16
5 18 8
5 33 18
5 19 6
5 25 20
5 24 18
5 23 4
5 32 11
5 9 3
6 28 5
6 17 12
6 13 18
6 26 6
6 16 4
6 19 18
6 30 12
6 24 6
6 25 10
6 9 13
6 32 12
6 23 2
6 7 20
6 21 17
6 14 6
6 29 17
6 15 1
6 22 7
6 10 15
6 20 3
7 28 14
7 10 1
7 29 11
7 27 3
7 14 17
7 16 20
7 26 3
7 22 12
7 24 18
7 30 3
7 18 1
7 11 17
7 17 16
7 31 1
7 23 15
7 21 2
8 21 8
8 25 4
8 32 11
8 31 3
8 20 8
8 17 2
8 26 7
8 22 11
8 24 3
8 33 15
9 15 20
9 31 18
9 20 1
9 22 9
9 26 9
9 33 10
9 16 17
9 18 15
9 28 7
9 24 8
9 10 15
9 11 11
9 12 20
9 32 6
9 27 14
9 13 4
10 13 7
10 19 13
10 20 18
10 23 19
10 11 5
10 21 2
10 24 13
10 25 5
10 33 5
10 22 12
10 18 2
10 30 7
10 12 16
10 26 18
10 14 6
10 17 3
10 16 17
10 28 14
11 16 16
11 13 12
11 33 20
11 25 9
11 15 3
11 24 11
11 29 9
11 26 6
11 28 5
11 27 6
11 23 7
11 22 3
11 14 11
11 12 2
11 21 10
11 17 11
11 19 12
12 31 16
12 29 16
12 27 14
12 32 1
12 17 19
12 33 11
12 16 16
12 30 18
12 28 11
12 14 14
12 25 2
12 13 13
12 18 4
12 21 9
13 22 12
13 32 18
13 17 10
13 16 8
13 31 13
13 18 19
13 28 10
13 19 2
13 14 14
13 29 17
13 23 10
13 21 4
13 27 17
13 30 7
13 33 8
13 25 10
14 17 16
14 26 18
14 19 3
14 32 20
14 33 19
14 27 5
14 30 18
14 29 11
14 22 12
14 16 8
14 24 3
15 21 16
15 22 9
15 30 9
15 33 17
15 25 12
15 32 7
15 20 2
15 23 13
15 16 5
15 19 6
15 29 11
15 26 6
15 18 19
15 28 11
16 18 13
16 24 17
16 27 10
16 19 19
16 22 19
16 28 12
16 31 18
16 17 4
16 26 15
17 27 9
17 26 14
17 32 3
17 23 13
17 19 3
17 28 17
17 24 2
17 30 4
17 18 19
18 20 19
18 22 17
18 32 10
18 19 17
18 24 11
18 23 10
18 25 19
18 31 3
18 29 6
18 28 6
18 30 5
19 32 12
19 25 9
19 33 15
19 29 7
19 28 19
19 21 19
20 26 16
20 33 3
20 27 19
20 28 15
20 29 17
20 30 15
20 32 1
20 22 1
20 23 6
21 28 5
21 30 20
21 27 3
21 22 18
22 23 6
22 28 14
22 25 4
22 31 20
22 32 15
23 32 15
23 25 6
23 24 17
23 29 6
23 30 12
23 33 2
23 26 11
23 27 6
23 28 2
24 28 11
24 25 18
24 33 8
24 32 2
24 31 17
24 26 14
24 30 15
25 28 4
25 31 12
25 33 14
25 32 3
25 29 14
25 26 20
26 33 13
26 32 17
26 28 12
26 27 7
27 31 5
27 29 12
27 33 15
27 32 1
28 31 10
28 30 6
29 30 20
29 33 14
29 31 4
30 33 17
30 32 5
30 31 13
31 32 11
32 33 18
27 29 7 12
0 9 5 6
10 20 3 10
13 30 5 12
10 25 10 15
13 14 9 13
1 7 7 14
11 26 8 16
7 26 10 20
9 21 10 20
11 12 3 8
0 12 9 14
0 12 10 19
10 32 9 10
0 23 10 17
18 33 8 13
11 13 3 7
3 11 3 8
14 18 8 17
8 28 9 19
21 22 6 9
22 29 4 13
20 24 8 15
2 31 9 19
25 31 8 9
14 16 2 5
10 15 7 13
6 8 2 11
3 9 5 13
10 20 9 13
3 4 3 9
12 17 9 15
6 17 4 12
17 24 10 12
8 20 10 18
0 27 8 11
0 8 2 5
21 30 1 5
4 16 5 14
10 15 2 12
17 25 1 11
11 24 2 5
14 23 6 8
7 33 9 19
25 29 7 12
19 25 2 6
0 23 8 18
0 27 1 11
11 18 8 9
14 25 6 8
7 22 3 10
4 12 4 6
4 8 4 10
24 33 9 15
2 18 6 13
19 33 8 15
8 19 10 12
6 22 4 6
8 11 9 19
8 15 10 19
