0 18 18
0 6 15
0 26 15
0 7 7
0 15 11
0 33 9
0 25 8
0 8 9
0 31 7
0 22 6
0 29 7
0 19 2
0 21 2
0 3 2
0 30 19
0 24 12
0 13 19
0 2 17
0 32 11
1 23 10
1 25 11
1 14 7
1 6 17
1 31 4
1 4 14
1 19 9
1 30 19
1 5 6
1 21 6
1 32 12
1 15 8
1 13 13
1 29 5
1 12 18
1 26 3
1 18 15
1 11 12
1 9 1
1 20 12
1 27 3
2 4 7
2 21 18
2 32 8
2 16 11
2 15 12
2 29 2
2 8 13
2 23 4
2 31 7
2 30 10
2 17 12
2 7 8
2 25 8
2 5 19
2 26 13
2 13 7
2 3 7
2 18 6
2 33 2
2 14 12
2 12 16
3 15 20
3 32 12
3 16 3
3 7 8
3 10 1
3 27 18
3 8 13
3 21 11
3 13 9
3 19 7
3 22 1
3 29 6
3 12 3
3 26 10
3 6 20
3 20 9
3 33 12
3 31 10
3 5 15
4 32 12
4 23 16
4 8 11
4 28 14
4 7 9
4 20 17
4 10 1
4 18 11
4 30 17
4 21 11
4 11 1
4 12 19
4 26 4
4 19 8
4 25 16
4 22 18
4 6 5
4 16 11
4 13 5
4 5 20
5 9 16
5 16 14
5 12 12
5 17 9
5 10 19
5 24 15
5 26 14
5 27 20
5 6 20
5 21 11
5 8 3
5 25 19
5 7 14
5 31 18
6 22 4
6 9 15
6 20 9
6 18 4
6 10 3
6 17 16
6 7 13
6 8 4
6 19 15
6 11 7
6 23 16
6 24 15
6 28 11
6 14 5
6 16 11
7 20 8
7 25 17
7 30 18
7 21 6
7 16 6
7 22 20
7 23 19
7 24 15
7 32 13
7 12 7
7 29 10
7 11 15
7 33 15
7 19 20
7 13 14
8 30 3
8 13 4
8 15 17
8 22 5
8 16 5
8 20 2
8 12 15
8 18 6
8 24 16
8 25 16
8 29 11
8 17 14
8 10 5
8 27 17
8 23 20
8 32 16
8 26 16
8 33 14
8 21 7
9 10 8
9 13 11
9 25 9
9 30 20
9 16 17
9 33 16
9 24 2
9 15 2
9 14 13
9 19 13
9 27 7
9 26 13
9 22 4
9 18 11
9 12 8
10 12 11
10 24 2
10 32 7
10 19 8
10 20 5
10 22 16
10 18 3
10 29 6
10 14 14
10 30 2
10 16 10
10 17 4
10 23 10
10 13 6
10 31 9
11 33 17
11 21 8
11 15 11
11 14 13
11 18 15
11 17 12
11 30 3
11 31 3
11 24 19
11 23 18
11 26 7
11 12 8
11 27 13
11 19 7
11 22 2
11 25 9
11 28 5
12 14 15
12 15 20
12 29 18
12 33 17
12 26 12
12 25 9
12 32 15
12 13 20
12 20 11
12 16 18
12 21 8
12 30 9
12 31 5
12 23 17
12 22 16
13 33 6
13 26 12
13 30 5
13 23 15
13 31 15
13 22 12
13 27 17
13 14 2
13 21 4
13 19 19
14 29 9
14 16 5
14 25 20
14 20 3
14 30 7
14 26 11
14 28 7
14 15 14
14 19 14
14 31 10
14 17 17
14 18 18
14 32 14
15 17 5
15 19 17
15 16 12
15 30 1
15 18 13
15 32 11
15 20 20
15 33 16
15 31 4
15 22 5
15 29 5
15 28 2
15 27 15
16 21 5
16 25 14
16 27 4
16 19 10
16 30 3
16 26 8
16 24 3
16 33 20
17 29 7
17 23 8
17 18 1
17 31 2
17 22 12
17 25 19
17 30 16
17 27 18
17 24 13
18 19 20
18 23 11
18 31 15
18 33 18
18 32 12
18 21 20
18 25 18
18 20 5
18 22 13
18 28 5
18 27 9
19 33 7
19 30 10
19 20 18
19 24 12
19 29 19
19 31 4
19 26 11
19 23 16
19 22 15
19 32 12
20 23 4
20 21 2
20 24 7
20 26 19
20 32 16
20 31 17
20 29 4
20 30 8
20 27 13
21 25 20
21 29 12
21 22 13
21 23 8
21 32 4
21 27 18
21 31 14
21 33 9
21 24 8
21 30 13
21 28 15
22 25 4
22 32 10
22 26 12
22 28 3
22 24 3
22 29 16
22 27 16
23 26 19
23 33 18
23 27 3
23 31 19
23 28 17
23 25 20
24 31 9
24 25 10
24 30 15
24 33 16
24 29 16
24 28 9
24 27 19
25 33 4
25 26 15
25 29 5
25 27 20
25 31 12
25 32 20
26 33 14
26 32 8
26 27 8
26 31 2
27 28 16
27 30 15
27 29 1
27 31 2
27 32 13
28 31 5
28 30 7
28 33 6
29 31 20
29 30 6
29 33 10
30 32 10
30 33 13
32 33 4
9 15 1 6
13 17 7 14
0 17 6 8
10 28 5 11
17 22 4 8
26 32 9 16
22 28 5 11
21 31 7 12
1 28 4 13
28 33 4 8
9 32 5 9
1 2 4 9
9 32 5 15
3 7 3 6
18 22 5 13
25 32 9 13
0 3 5 10
11 27 10 19
12 22 3 10
1 2 8 15
10 22 3 5
1 27 9 13
10 19 8 14
18 21 3 4
19 25 10 11
11 14 4 5
14 31 8 16
4 15 3 11
17 21 1 4
11 17 8 14
14 28 8 15
3 24 7 13
1 11 3 5
7 31 10 11
24 30 5 10
15 29 4 8
3 5 6 15
9 21 7 11
18 27 5 13
25 28 8 9
13 32 10 14
5 14 6 16
20 26 8 13
4 21 2 4
15 28 8 12
26 31 3 7
4 11 10 13
6 9 6 8
19 32 4 9
15 30 1 10
1 21 8 10
7 17 5 6
15 23 1 8
15 27 1 9
6 7 3 5
2 16 1 11
13 28 5 6
27 28 5 13
2 17 8 15
0 30 5 9
14 17 1 4
23 30 3 11
0 15 8 13
