0 9 8
0 26 13
0 31 6
0 11 8
0 29 18
0 12 7
0 21 4
0 8 7
0 7 11
0 14 10
0 10 4
0 23 8
0 25 16
0 1 15
0 2 16
0 30 5
0 17 8
0 32 17
0 28 12
0 4 15
1 5 20
1 17 7
1 19 12
1 16 16
1 2 2
1 24 4
1 27 20
1 14 2
1 4 5
1 13 18
1 15 13
1 32 3
1 28 8
1 29 16
1 25 10
1 11 19
1 23 16
1 10 15
1 12 6
1 18 15
1 22 4
1 3 18
1 26 15
2 26 19
2 25 9
2 5 18
2 16 20
2 4 12
2 27 4
2 20 10
2 11 14
2 9 12
2 21 10
2 30 2
2 22 15
2 31 16
2 8 20
2 7 15
2 6 15
2 10 3
2 24 8
3 31 5
3 4 12
3 8 10
3 5 17
3 20 3
3 32 12
3 26 10
3 33 1
3 16 12
3 23 18
3 27 1
3 13 18
3 7 10
3 17 10
3 12 8
3 19 11
3 11 20
3 10 14
3 30 8
4 16 6
4 30 5
4 13 18
4 11 4
4 31 10
4 29 14
4 27 12
4 9 6
4 21 17
4 14 3
4 26 6
4 32 10
4 17 17
4 18 6
4 6 13
4 7 18
4 25 5
4 19 18
4 10 3
5 24 8
5 33 8
5 10 20
5 22 20
5 9 15
5 30 9
5 26 7
5 20 9
5 14 8
5 17 13
5 18 5
5 27 16
5 32 17
5 23 9
5 28 15
5 31 10
5 13 10
5 25 18
5 7 11
5 11 1
5 6 10
6 13 7
6 20 18
6 14 12
6 15 10
6 27 13
6 32 8
6 16 1
6 24 6
6 25 6
6 8 6
6 23 6
6 22 7
6 10 11
6 7 8
6 18 16
6 28 15
7 10 2
7 27 10
7 12 15
7 13 2
7 22 4
7 23 1
7 33 9
7 20 17
7 26 2
7 24 10
7 17 10
7 15 7
7 29 9
7 11 5
7 21 4
7 32 4
7 31 9
8 25 18
8 27 7
8 21 14
8 19 7
8 12 6
8 24 4
8 33 8
8 28 9
8 20 7
8 30 2
8 11 7
8 16 5
8 14 9
8 10 1
8 17 9
8 32 4
8 29 3
8 15 7
8 13 18
8 22 6
8 18 10
9 19 11
9 12 17
9 14 14
9 32 18
9 20 19
9 22 13
9 29 1
9 33 19
9 30 3
9 24 3
9 27 19
9 23 11
9 17 19
9 26 13
9 15 8
9 25 15
9 13 18
10 19 9
10 26 20
10 27 1
10 13 2
10 20 10
10 22 2
10 33 3
10 16 10
10 28 5
10 25 15
10 30 12
10 29 6
10 15 4
10 24 15
11 27 1
11 19 16
11 30 15
11 26 4
11 14 18
11 31 16
11 24 5
11 13 16
11 15 2
11 17 8
11 29 7
11 23 19
12 26 16
12 16 12
12 31 16
12 14 17
12 25 11
12 30 20
12 20 8
12 23 10
12 29 15
12 32 16
12 22 4
12 17 11
12 24 6
12 33 7
12 27 5
13 19 10
13 20 10
13 23 12
13 17 1
13 18 13
13 24 2
13 14 19
13 32 5
13 28 12
13 27 20
14 27 7
14 24 10
14 21 11
14 18 15
14 17 2
14 31 15
14 19 18
14 23 8
14 26 2
14 32 19
15 29 4
15 33 1
15 22 18
15 16 13
15 17 4
15 23 4
15 28 5
15 18 10
15 26 17
15 32 11
15 24 18
15 30 13
16 17 8
16 18 8
16 27 2
16 19 19
16 20 11
16 30 3
16 31 18
16 26 9
16 24 18
16 21 4
16 33 10
17 28 8
17 19 17
17 33 17
17 26 17
17 21 7
17 20 7
17 24 7
17 23 9
17 31 5
17 27 12
17 30 18
17 29 3
18 23 6
18 19 11
18 21 12
18 33 10
18 24 11
18 25 14
18 31 2
18 28 12
18 26 5
19 21 18
19 32 13
19 24 12
19 29 1
19 22 1
19 23 19
19 33 12
19 30 6
20 29 18
20 23 20
20 32 19
20 31 6
20 24 16
21 31 12
21 24 19
21 26 5
21 30 13
21 27 20
21 29 7
21 32 10
22 31 6
22 24 14
22 27 5
22 23 16
22 33 13
22 26 2
22 28 7
23 31 20
23 29 9
23 26 19
23 27 8
23 28 3
23 25 12
23 32 13
23 30 5
24 33 1
24 25 9
24 27 18
24 29 17
24 28 10
24 26 13
24 31 5
24 32 4
25 30 3
25 29 5
25 31 12
25 28 9
26 28 1
26 33 1
26 32 8
26 30 11
27 28 7
27 31 16
27 33 9
27 30 11
28 30 19
28 31 17
29 30 18
29 31 10
30 31 1
30 32 20
31 33 16
31 32 18
32 33 9
3 27 2 7
22 27 5 15
6 30 8 17
26 30 3 4
24 31 10 11
5 20 4 13
3 8 10 17
11 13 8 16
11 17 3 4
0 13 1 9
6 29 4 7
16 17 6 7
10 32 4 8
29 33 10 11
1 13 9 19
7 16 10 17
6 20 7 12
6 13 1 6
9 21 9 12
16 22 3 6
25 27 5 8
3 5 3 5
21 33 9 11
4 5 9 11
7 30 6 15
14 24 4 12
0 29 9 15
7 32 3 9
23 25 9 13
12 32 6 14
2 32 5 14
1 26 10 15
0 27 2 4
3 20 5 7
15 26 10 14
27 30 9 13
6 17 1 10
9 28 4 14
20 33 2 8
16 27 10 18
8 9 2 9
14 25 10 18
11 12 6 12
21 30 5 11
14 31 5 7
0 26 1 2
11 28 4 5
10 14 6 8
18 24 10 17
17 33 8 18
16 32 7 8
4 24 10 16
17 20 6 8
5 16 2 9
0 33 5 13
4 32 7 12
6 23 10 19
6 16 9 14
26 27 6 9
2 11 10 12
4 21 4 10
6 31 3 5
4 27 10 12
