0 22 3
0 8 20
0 6 19
0 10 19
0 13 4
0 15 7
0 11 14
0 19 1
0 5 15
0 31 4
0 1 19
0 25 3
0 32 8
0 3 16
0 2 11
0 23 3
0 20 9
0 17 2
0 21 9
0 26 15
0 14 16
1 4 14
1 6 4
1 2 12
1 21 2
1 31 7
1 8 6
1 11 3
1 10 19
1 16 7
1 25 9
1 3 4
1 24 9
1 9 14
1 15 12
1 26 15
1 18 14
1 7 9
1 30 2
1 29 5
1 14 19
1 27 16
1 19 12
1 12 14
1 20 12
1 32 8
2 14 13
2 29 3
2 9 8
2 3 4
2 32 4
2 30 12
2 28 7
2 18 14
2 5 12
2 20 12
2 23 18
2 27 14
2 22 17
2 33 14
2 21 15
2 19 5
2 24 4
2 26 8
2 25 3
2 4 3
2 16 14
2 7 13
2 11 4
3 10 2
3 33 16
3 12 9
3 5 13
3 4 15
3 18 6
3 17 13
3 29 12
3 19 20
3 21 1
3 26 20
3 15 13
3 22 7
3 9 6
3 16 2
3 24 8
3 25 4
4 10 12
4 14 5
4 26 14
4 7 14
4 32 16
4 20 1
4 6 14
4 28 1
4 27 1
4 29 1
4 24 1
4 11 13
4 13 1
4 23 17
4 22 11
4 9 10
4 5 11
5 20 14
5 6 13
5 10 12
5 26 19
5 28 11
5 30 6
5 24 11
5 11 3
5 16 5
5 29 16
5 25 10
5 33 13
5 17 2
5 19 13
5 7 10
6 32 6
6 22 17
6 11 16
6 24 11
6 8 12
6 21 7
6 7 3
6 20 18
6 14 19
6 28 3
6 27 10
6 15 4
6 23 19
6 9 14
6 31 4
6 26 17
7 24 6
7 22 3
7 21 2
7 28 15
7 23 14
7 15 16
7 14 15
7 31 5
7 13 4
7 9 1
7 10 12
7 12 14
7 8 15
7 25 7
7 18 18
7 16 2
7 30 3
8 17 9
8 28 17
8 27 18
8 21 15
8 18 19
8 22 5
8 25 18
8 15 4
8 29 11
8 26 11
8 13 11
8 14 9
8 24 14
8 20 6
8 31 15
9 12 12
9 11 4
9 27 3
9 18 20
9 28 3
9 19 15
9 13 3
9 30 14
9 21 13
9 14 3
9 16 4
9 31 8
9 15 10
9 20 8
9 29 10
9 33 4
9 10 9
9 26 14
10 31 6
10 19 18
10 27 9
10 33 2
10 20 9
10 23 15
10 12 13
10 30 13
10 29 20
10 25 8
10 16 15
10 21 16
10 15 1
10 32 5
10 18 9
10 22 5
10 13 11
10 14 14
11 31 20
11 21 6
11 19 9
11 24 19
11 27 3
11 13 17
11 18 19
11 12 5
11 14 5
11 33 6
11 15 15
11 32 10
11 26 1
12 17 2
12 24 8
12 22 1
12 25 5
12 26 5
12 13 10
12 15 15
12 20 2
12 19 11
12 30 15
12 28 9
12 14 5
12 32 16
12 27 16
13 24 17
13 28 16
13 31 6
13 32 17
13 14 11
13 23 16
13 26 19
13 30 2
13 27 1
13 25 18
13 16 14
14 20 18
14 29 5
14 32 5
14 18 6
14 27 19
14 15 15
14 31 20
14 26 13
14 33 15
14 24 20
14 28 16
14 21 12
15 28 9
15 19 4
15 24 20
15 33 8
15 27 13
15 31 6
15 25 4
15 26 1
15 21 3
16 21 20
16 33 7
16 18 7
16 19 17
16 31 10
16 32 15
16 30 20
16 25 1
16 26 15
16 27 1
17 19 4
17 29 13
17 31 4
17 25 3
17 23 19
17 18 14
17 20 15
17 32 18
17 27 11
17 24 9
17 21 13
17 33 5
17 26 20
17 30 17
18 27 11
18 19 12
18 30 3
18 20 19
18 21 1
18 22 2
18 24 13
18 23 6
18 31 18
18 32 10
18 29 14
19 22 19
19 23 7
19 29 11
19 21 8
19 25 20
19 32 11
19 27 16
19 26 5
19 31 1
20 29 4
20 33 18
20 31 19
20 32 5
20 30 6
20 23 1
20 25 11
20 26 15
21 28 8
21 30 18
21 25 4
21 29 18
21 26 16
21 22 7
21 23 1
21 27 20
21 31 2
21 24 17
22 27 9
22 32 1
22 25 9
22 31 13
22 26 2
23 28 12
23 33 4
23 29 5
23 25 7
23 26 17
23 30 9
23 24 1
23 32 2
24 32 11
24 28 16
24 27 4
24 25 17
24 29 15
24 30 10
25 30 15
25 32 1
25 31 11
25 33 7
26 33 11
26 28 6
26 27 6
26 32 12
26 29 6
27 32 10
27 28 16
27 29 15
27 33 2
28 30 2
28 32 5
28 31 19
29 33 14
29 31 17
29 32 11
30 32 4
30 31 18
31 33 10
31 32 19
32 33 11
23 32 4 13
0 14 8 12
2 10 4 11
2 27 8 10
10 20 6 15
0 20 4 7
27 31 3 13
5 21 5 12
17 21 10 14
15 25 1 3
1 25 2 4
11 24 9 15
1 32 7 17
5 12 4 6
9 15 10 14
5 17 2 7
4 29 5 8
7 21 4 11
11 17 1 6
5 16 10 18
24 26 4 14
4 15 9 12
4 16 4 13
25 32 7 11
3 25 5 7
21 23 9 11
2 12 3 7
20 22 9 10
0 31 8 11
6 17 7 14
3 26 3 12
11 19 9 19
8 13 8 18
1 3 8 12
19 25 7 12
3 28 2 4
12 31 3 7
10 31 1 8
25 32 1 8
6 11 7 12
4 28 2 12
24 26 2 4
9 17 2 6
25 31 6 8
5 14 3 8
8 32 2 8
10 31 8 16
3 10 9 15
10 26 7 13
13 21 2 6
5 28 7 12
30 33 7 15
8 22 8 9
8 15 2 9
0 32 10 12
6 13 5 11
0 12 10 20
10 18 2 3
3 7 8 9
19 24 1 2
22 23 4 5
13 22 10 13
