0 32 2
0 2 10
0 12 1
0 11 19
0 3 4
0 6 9
0 26 5
0 15 6
0 30 4
0 21 3
0 10 7
0 9 17
0 17 5
0 16 14
0 33 12
0 27 11
0 19 16
0 29 9
0 18 10
0 5 16
1 31 10
1 14 20
1 7 15
1 33 3
1 18 15
1 9 19
1 8 8
1 24 11
1 15 2
1 10 18
1 12 16
1 3 10
1 25 11
1 21 13
1 20 20
1 32 9
1 4 9
1 23 10
1 27 3
1 5 14
1 22 9
2 7 5
2 20 19
2 24 9
2 15 16
2 21 13
2 3 18
2 6 8
2 26 16
2 33 17
2 25 2
2 14 20
2 8 18
2 13 16
2 18 8
2 4 16
2 28 20
2 30 9
2 23 6
2 32 15
2 5 18
2 27 1
2 17 3
2 16 20
2 22 3
3 30 12
3 22 19
3 9 15
3 13 5
3 33 1
3 28 14
3 11 11
3 8 9
3 27 17
3 10 8
3 32 4
3 4 15
3 6 9
3 29 9
3 20 3
3 12 18
3 15 9
3 31 20
3 25 18
3 5 9
4 29 15
4 23 2
4 22 8
4 8 1
4 16 1
4 15 11
4 9 13
4 21 12
4 19 18
4 28 13
4 25 8
4 14 4
4 31 17
4 27 18
4 33 14
4 12 3
4 5 4
4 6 2
4 20 1
5 24 3
5 10 9
5 21 1
5 27 4
5 8 5
5 20 11
5 30 10
5 26 9
5 31 12
5 17 4
5 6 16
5 25 10
5 7 4
5 29 20
5 13 10
5 19 15
5 32 19
6 30 4
6 12 19
6 28 16
6 10 7
6 9 19
6 24 16
6 19 12
6 15 20
6 16 20
6 25 8
6 18 11
6 7 11
6 27 11
6 22 6
6 23 19
6 20 14
6 31 10
6 29 20
6 32 2
6 26 6
7 17 6
7 9 16
7 10 16
7 11 6
7 32 6
7 8 9
7 13 19
7 14 5
7 23 17
7 20 18
7 16 15
7 29 4
7 25 2
7 30 16
7 22 14
7 31 7
7 26 1
7 24 8
7 15 20
8 29 11
8 12 13
8 27 9
8 14 8
8 24 6
8 26 8
8 20 7
8 31 20
8 30 19
8 19 20
8 28 16
8 9 11
8 15 18
8 22 6
8 32 17
8 11 4
8 18 1
9 22 5
9 18 2
9 23 9
9 13 11
9 16 1
9 12 7
9 11 18
9 10 15
9 26 14
9 30 16
9 27 12
9 17 7
9 33 10
9 32 8
9 28 12
9 15 2
10 25 16
10 16 4
10 23 3
10 21 2
10 18 15
10 14 17
10 20 11
10 13 15
10 11 15
10 28 9
10 26 15
11 33 13
11 29 5
11 28 4
11 24 1
11 15 6
11 31 4
11 12 2
11 27 12
11 16 10
11 25 7
11 22 18
11 14 16
11 23 10
11 30 15
11 20 5
12 15 4
12 26 6
12 23 14
12 14 8
12 28 8
12 31 9
12 16 1
12 20 19
12 32 1
12 13 13
12 33 2
12 25 2
12 22 17
12 18 7
13 28 12
13 29 18
13 16 17
13 27 10
13 15 13
13 18 12
13 33 7
13 19 20
13 14 4
13 21 8
13 25 6
13 31 1
13 32 9
13 23 17
14 27 13
14 18 7
14 24 16
14 26 19
14 28 16
14 16 14
14 30 9
14 21 8
14 20 4
14 23 20
14 25 10
14 15 18
14 32 2
15 18 7
15 25 20
15 19 20
15 24 19
15 17 13
15 22 6
15 30 11
15 21 20
15 29 2
15 33 16
16 32 6
16 17 4
16 18 15
16 30 20
16 26 17
16 25 2
17 24 1
17 20 11
17 30 17
17 33 7
17 27 1
17 25 9
17 21 15
17 19 18
17 29 18
17 23 13
18 22 10
18 25 16
18 21 16
18 29 12
18 30 8
18 28 14
18 31 6
18 19 2
18 32 3
18 24 4
19 21 10
19 32 10
19 20 10
19 27 8
19 22 5
19 33 11
19 30 6
19 28 20
19 25 4
20 32 13
20 30 19
20 28 1
20 31 12
20 25 14
20 22 2
20 21 7
20 27 16
20 26 10
21 27 10
21 22 12
21 31 6
21 33 13
21 25 14
21 32 20
22 30 15
22 28 20
22 33 13
22 26 17
22 25 10
22 31 17
23 30 11
23 24 6
23 33 4
23 25 10
23 28 8
23 31 18
23 29 19
24 27 17
24 29 8
24 33 7
24 30 10
25 30 3
25 28 5
25 27 19
25 33 8
25 31 8
26 29 20
26 30 12
26 32 6
26 28 1
26 27 19
26 31 6
27 29 1
27 28 2
27 31 16
28 30 12
28 33 18
28 31 13
29 32 14
29 33 6
30 31 7
31 32 9
31 33 5
32 33 2
9 12 7 12
14 31 5 9
11 29 6 12
26 29 4 13
9 29 6 15
14 16 10 19
6 29 2 7
8 21 4 5
3 21 10 11
10 25 4 14
29 33 8 17
15 27 8 17
4 19 4 7
9 10 6 9
12 19 3 11
15 29 6 9
10 29 7 11
16 28 7 14
22 29 4 7
17 19 8 17
3 4 5 12
12 32 5 13
7 25 2 3
6 12 9 13
11 30 5 6
2 6 7 12
19 24 8 9
4 27 9 12
19 25 7 12
2 32 2 3
1 7 9 19
2 28 6 11
0 22 1 9
20 28 5 9
0 29 8 16
8 9 3 11
29 31 8 9
5 17 5 14
16 22 3 5
1 30 7 12
1 12 6 15
1 33 6 7
11 27 6 14
5 7 2 12
0 11 2 10
5 13 2 10
0 24 8 11
19 26 3 6
24 28 3 7
4 19 8 18
10 17 2 3
11 13 6 16
17 20 3 6
15 18 8 18
25 32 6 12
27 30 2 3
25 31 3 11
1 10 10 17
11 19 5 8
14 23 1 5
