0 13 3
0 19 19
0 33 14
0 14 20
0 30 6
0 17 17
0 27 20
0 8 11
0 23 4
0 4 14
0 5 16
0 11 10
0 24 6
0 29 10
0 32 7
0 15 7
1 26 14
1 22 12
1 28 8
1 27 8
1 13 15
1 18 14
1 16 18
1 3 19
1 24 19
1 10 2
1 17 4
1 15 20
1 25 14
1 32 19
1 11 8
1 31 15
1 19 15
2 4 5
2 22 4
2 23 20
2 16 17
2 3 19
2 21 14
2 20 16
2 10 13
2 8 1
2 9 11
2 5 16
2 30 7
2 12 15
2 6 1
2 13 13
2 26 11
2 18 7
2 32 4
2 19 5
2 14 18
2 11 7
2 17 20
2 28 13
2 31 18
3 5 6
3 27 9
3 29 15
3 4 8
3 20 5
3 10 19
3 19 20
3 28 16
3 15 4
3 8 1
3 17 9
3 6 3
3 23 16
3 22 15
3 25 7
3 30 16
3 11 9
3 13 8
4 22 8
4 28 1
4 6 19
4 33 10
4 16 8
4 10 9
4 12 13
4 32 13
4 8 19
4 13 10
4 25 10
4 27 1
4 26 1
4 20 17
4 21 7
4 31 14
4 7 14
4 23 2
4 30 1
5 13 5
5 25 19
5 32 4
5 7 13
5 16 5
5 17 13
5 29 17
5 33 3
5 19 16
5 28 7
5 18 12
5 24 4
5 6 12
5 20 16
5 14 7
5 27 9
5 10 16
5 21 7
5 15 3
6 28 7
6 10 12
6 29 2
6 23 17
6 25 14
6 11 2
6 18 6
6 7 10
6 32 20
6 13 7
6 14 17
6 27 13
6 24 4
6 12 3
6 19 15
6 8 5
6 21 3
7 19 3
7 33 8
7 10 3
7 13 7
7 31 18
7 11 19
7 21 8
7 16 5
7 29 9
7 32 11
7 28 20
7 27 20
7 17 19
7 14 3
7 25 8
7 12 20
7 8 15
7 30 8
7 15 13
8 12 19
8 32 10
8 19 2
8 20 8
8 24 13
8 26 10
8 25 1
8 18 10
8 21 18
8 30 11
8 15 9
8 27 19
8 22 12
8 33 20
8 13 4
8 16 16
8 10 9
8 9 4
9 23 6
9 10 15
9 26 13
9 14 14
9 28 18
9 18 10
9 20 1
9 22 9
9 19 10
9 31 7
9 21 12
9 32 7
9 29 12
9 25 6
9 13 4
9 16 13
9 15 13
10 15 12
10 16 6
10 29 13
10 13 14
10 27 8
10 32 7
10 11 17
10 22 17
10 28 5
10 18 4
10 12 5
10 20 15
10 14 1
11 29 1
11 24 6
11 14 12
11 12 6
11 31 12
11 18 4
11 33 3
11 15 11
11 20 12
11 21 19
11 19 8
11 32 4
11 16 1
11 25 15
11 13 3
12 15 13
12 14 4
12 20 20
12 16 16
12 22 18
12 17 11
12 27 18
12 26 10
12 21 3
12 24 17
12 30 12
12 28 4
12 13 18
12 31 19
12 19 10
12 32 4
12 23 18
12 29 13
12 25 1
13 30 9
13 24 11
13 21 3
13 32 11
13 29 14
13 28 13
13 23 2
13 26 8
13 19 19
13 20 4
13 18 1
13 27 18
13 31 13
13 33 7
13 25 5
14 18 18
14 21 6
14 23 6
14 30 2
14 28 18
14 22 7
14 33 9
14 17 11
14 25 12
14 27 19
14 24 4
14 19 15
15 27 9
15 25 14
15 22 11
15 24 6
15 18 4
15 20 20
15 21 9
15 19 11
15 28 14
15 26 4
15 32 18
16 28 2
16 24 14
16 26 4
16 32 6
16 33 1
16 17 3
16 22 11
16 23 4
16 18 19
16 31 15
16 20 1
16 21 8
16 25 14
16 19 1
17 33 16
17 21 10
17 28 16
17 25 16
17 24 11
17 18 7
17 27 5
17 30 15
17 19 6
18 19 18
18 25 7
18 28 1
18 20 3
18 27 9
19 32 3
19 26 11
19 21 8
19 28 5
19 30 12
19 33 20
19 31 4
19 27 12
19 29 2
20 24 18
20 28 8
20 31 9
20 21 1
20 26 13
20 29 8
20 25 4
20 32 7
20 22 16
21 31 5
21 23 12
21 27 19
21 26 13
21 32 17
21 30 14
21 29 20
21 22 19
21 25 14
22 28 13
22 27 17
22 30 3
22 32 19
22 23 3
22 29 5
23 25 19
23 31 15
23 28 18
23 26 2
23 32 20
24 29 16
24 32 4
24 25 16
24 31 10
24 26 4
24 27 1
25 31 3
25 30 12
25 27 16
25 28 1
25 32 6
25 33 10
26 29 12
26 31 3
26 33 16
27 30 19
27 32 2
27 33 1
27 28 1
28 30 13
28 32 8
28 31 9
29 32 9
29 33 8
30 31 18
31 32 12
31 33 10
7 18 4 9
5 16 6 9
8 29 1 10
0 21 7 12
0 29 7 16
13 31 2 9
6 17 7 15
8 26 5 11
9 19 7 12
4 7 4 10
4 26 9 19
6 21 2 9
3 7 5 12
19 29 8 13
14 24 1 11
6 28 5 11
10 12 10 14
26 31 3 8
3 30 9 15
0 19 5 9
17 18 2 7
21 31 2 9
7 12 2 4
24 32 7 16
0 28 7 16
14 31 2 12
11 21 5 11
10 15 8 14
2 4 3 6
3 28 3 6
23 26 7 16
6 20 4 12
14 16 4 8
0 31 1 11
2 17 3 11
5 22 8 11
7 32 9 16
15 30 4 12
1 27 1 5
2 22 4 6
13 22 1 5
8 20 7 13
0 29 7 8
15 26 6 16
11 16 1 6
13 33 1 11
19 32 4 12
15 27 4 14
16 33 2 10
14 23 9 19
17 27 3 8
3 19 2 4
14 28 10 17
20 26 7 8
16 30 3 9
12 21 6 8
4 16 6 12
24 25 2 12
4 20 1 8
9 28 3 5
24 30 10 11
0 6 5 10
5 27 5 11
8 20 8 11
