0 15 4
0 6 14
0 7 5
0 16 10
0 2 8
0 19 14
0 5 19
0 31 13
0 18 2
0 4 17
0 17 6
0 9 7
0 20 11
0 27 13
0 12 20
0 29 9
0 10 13
0 8 3
0 11 19
0 26 4
0 30 16
1 30 13
1 29 17
1 33 20
1 20 14
1 4 11
1 32 10
1 13 5
1 19 6
1 31 12
1 6 3
1 17 6
1 14 14
1 9 14
1 15 9
1 23 15
1 18 8
1 11 9
1 24 13
1 12 18
1 25 8
1 16 17
1 26 10
1 28 20
1 3 9
1 2 5
1 7 4
1 21 16
2 19 14
2 4 5
2 28 2
2 7 6
2 23 17
2 25 5
2 16 5
2 30 1
2 14 1
2 3 20
2 26 4
2 10 6
2 15 14
2 5 19
2 21 5
2 9 11
2 24 19
3 17 4
3 28 4
3 32 4
3 10 4
3 15 17
3 18 2
3 22 18
3 6 17
3 9 9
3 27 16
3 29 6
3 12 17
3 31 6
3 23 12
3 24 4
3 30 2
3 16 9
4 14 10
4 29 12
4 7 15
4 30 6
4 15 10
4 13 10
4 18 19
4 27 10
4 10 16
4 12 9
4 16 16
4 25 18
4 31 6
4 8 3
4 28 6
4 23 20
4 9 5
4 17 6
4 5 10
5 33 14
5 30 19
5 7 20
5 26 17
5 16 6
5 12 9
5 20 2
5 17 14
5 32 18
5 6 2
5 10 11
5 23 7
5 18 18
5 31 7
5 19 15
5 11 1
5 15 5
5 9 1
5 22 12
5 25 6
5 21 12
5 14 5
6 29 12
6 25 2
6 31 1
6 23 17
6 27 9
6 24 18
6 7 18
6 26 13
6 19 14
6 10 3
6 17 7
6 28 20
6 22 4
7 20 16
7 23 17
7 15 3
7 31 14
7 24 7
7 10 2
7 14 12
7 12 7
7 21 8
7 11 4
7 8 4
7 22 11
7 13 4
7 32 10
7 16 10
7 33 17
7 28 4
7 30 6
7 19 18
8 20 20
8 25 7
8 10 14
8 30 14
8 17 8
8 11 10
8 29 10
8 26 12
8 28 13
8 21 3
8 19 13
8 33 18
8 9 12
8 22 8
8 14 10
9 14 8
9 16 12
9 30 18
9 28 15
9 10 1
9 24 18
9 26 20
9 23 19
9 17 7
9 19 10
9 33 19
9 13 1
9 18 14
9 21 20
10 24 13
10 32 6
10 26 12
10 21 18
10 30 13
10 33 18
10 29 13
10 23 16
10 18 18
10 28 20
10 17 1
10 25 18
10 15 16
10 11 20
10 31 14
10 14 1
10 12 10
11 13 18
11 22 3
11 29 19
11 31 18
11 32 17
11 26 9
11 15 13
11 18 17
11 23 20
11 16 13
11 19 7
11 17 20
11 30 17
11 33 9
11 14 1
12 18 13
12 13 9
12 28 14
12 24 4
12 32 12
12 19 14
12 26 13
12 22 11
12 25 1
12 31 1
12 30 15
12 20 4
13 32 15
13 21 7
13 19 16
13 28 15
13 30 10
13 27 1
13 20 4
13 29 4
13 18 2
13 15 19
13 14 20
13 22 1
14 19 7
14 16 18
14 26 19
14 18 16
14 28 18
14 29 13
14 15 4
14 25 8
14 23 19
14 17 20
14 24 7
14 30 7
14 33 14
14 31 12
15 24 14
15 23 12
15 25 12
15 17 6
15 20 15
15 16 8
15 26 1
15 31 6
15 29 20
15 19 20
16 23 7
16 29 5
16 30 4
16 18 1
16 28 6
16 26 20
16 19 13
16 31 11
16 25 11
16 17 2
16 22 13
17 33 1
17 27 14
17 30 13
17 22 13
17 26 6
17 19 19
17 18 9
17 28 15
18 27 15
18 24 2
18 30 19
18 22 2
18 26 8
18 33 10
18 23 20
18 25 18
18 21 5
19 28 9
19 20 19
19 21 19
19 27 6
19 29 17
19 23 11
19 30 7
19 25 19
19 33 12
19 26 19
19 32 6
20 33 18
20 31 3
20 27 16
20 22 18
20 28 7
20 29 19
20 25 11
20 23 9
20 24 8
20 30 6
21 32 1
21 23 15
21 24 17
21 28 15
21 25 11
21 26 20
21 29 10
21 31 4
22 33 3
22 25 8
22 29 1
22 30 6
22 23 13
22 27 7
22 24 1
22 28 20
22 32 13
23 31 6
23 26 19
23 29 12
23 32 17
23 25 10
23 24 18
23 27 10
24 27 20
24 33 19
24 25 20
24 32 6
24 29 14
24 31 13
25 31 15
25 27 10
25 28 15
25 29 20
25 33 19
26 28 3
26 31 1
26 29 4
26 33 13
26 32 18
27 29 5
27 28 14
27 30 9
27 31 6
28 29 12
28 32 4
29 30 12
29 31 12
29 32 18
30 32 1
31 32 10
31 33 2
32 33 11
17 25 1 10
3 5 2 7
20 29 4 8
22 24 3 8
4 27 10 18
21 29 10 20
12 27 4 14
2 17 1 3
20 33 1 5
13 33 5 13
12 32 10 19
19 20 1 2
4 33 1 4
13 14 9 19
7 13 9 12
10 16 7 9
6 18 9 18
11 33 9 19
22 26 9 12
22 24 6 12
13 24 1 5
13 18 10 19
1 23 5 9
9 12 8 9
13 27 5 9
4 7 3 4
7 17 8 15
2 15 2 5
1 25 5 14
16 27 3 13
17 30 4 11
13 32 2 7
15 27 9 11
0 1 7 9
4 31 10 13
7 12 1 8
4 16 3 5
16 24 2 4
29 31 3 7
2 22 2 3
3 23 2 7
5 29 5 11
15 22 5 12
4 8 10 20
3 28 9 12
9 18 6 15
13 27 10 15
6 13 9 15
1 23 2 3
4 15 6 15
24 32 3 11
10 27 7 15
0 32 2 8
6 14 1 3
25 30 4 13
8 10 3 6
6 30 4 11
9 17 6 9
14 20 4 11
12 31 2 4
8 9 3 7
