0 15 17
0 25 7
0 33 12
0 14 15
0 6 15
0 4 18
0 12 12
0 8 20
0 19 12
0 10 18
0 13 14
0 20 19
0 32 18
0 16 4
0 21 6
0 9 4
0 18 7
0 22 17
0 17 16
0 24 12
1 15 20
1 31 7
1 19 9
1 5 7
1 32 12
1 22 7
1 2 4
1 29 19
1 30 2
1 12 15
1 26 17
1 4 11
1 16 7
1 25 19
1 23 12
2 17 9
2 8 4
2 9 3
2 5 4
2 14 16
2 10 3
2 32 10
2 28 20
2 16 17
2 4 20
2 23 10
2 31 1
2 26 13
2 21 10
2 15 3
2 11 17
2 13 8
2 33 14
2 25 6
2 19 20
3 22 9
3 17 3
3 14 10
3 4 20
3 16 9
3 27 14
3 10 12
3 20 18
3 8 10
3 7 7
3 13 20
3 19 6
3 12 4
3 26 14
3 5 1
3 21 3
3 30 2
3 6 19
3 29 12
3 24 12
3 32 8
4 14 13
4 28 20
4 21 2
4 10 7
4 30 19
4 6 19
4 5 16
4 27 20
4 33 15
4 15 6
4 12 6
4 24 3
4 31 4
4 17 5
4 13 12
4 16 6
4 7 16
5 15 14
5 16 18
5 13 20
5 6 13
5 9 18
5 33 18
5 24 1
5 21 16
5 27 11
5 29 6
5 19 13
5 25 3
5 18 19
5 20 1
5 32 7
5 22 1
5 11 5
5 14 17
6 10 17
6 25 4
6 28 3
6 20 20
6 21 5
6 15 4
6 19 16
6 23 20
6 9 1
6 13 15
6 32 12
6 24 12
6 30 16
6 11 17
6 29 2
6 26 6
6 7 5
6 31 1
6 16 7
6 18 19
7 22 4
7 32 9
7 33 10
7 20 18
7 24 18
7 25 8
7 15 12
7 29 16
7 30 2
7 11 9
7 10 9
7 16 8
7 14 20
7 18 4
7 27 2
7 31 6
7 12 6
7 8 19
8 19 16
8 30 15
8 12 19
8 17 2
8 11 5
8 15 8
8 14 7
8 13 15
8 33 11
8 26 2
8 29 12
8 21 10
8 28 6
8 9 5
8 27 18
8 10 7
8 16 8
9 19 15
9 21 3
9 32 19
9 17 1
9 29 15
9 27 11
9 15 17
9 26 4
9 14 13
9 31 6
9 25 17
9 24 16
9 30 19
10 29 15
10 28 1
10 19 18
10 30 7
10 18 7
10 14 2
10 25 12
10 16 16
10 24 3
11 23 13
11 14 9
11 22 12
11 17 3
11 32 7
11 20 18
11 31 5
11 18 4
11 16 6
11 27 16
11 30 20
11 24 12
11 19 8
11 25 6
12 18 20
12 23 14
12 22 11
12 20 17
12 29 2
12 26 15
12 27 4
12 19 16
12 16 11
13 32 15
13 30 12
13 24 16
13 20 3
13 26 17
13 15 2
13 22 19
13 21 13
13 25 20
13 23 8
13 31 10
13 17 2
13 33 11
13 28 2
13 16 20
13 27 10
13 14 4
13 19 3
14 28 16
14 32 10
14 30 8
14 26 13
14 18 3
14 27 3
14 31 10
14 23 15
14 24 8
14 20 8
14 25 8
14 15 4
14 29 17
15 22 12
15 30 5
15 26 18
15 27 9
15 21 18
15 33 7
15 18 5
15 20 12
15 25 18
15 24 11
16 20 9
16 22 19
16 32 9
16 17 18
16 29 5
16 28 6
16 33 5
16 25 1
16 27 18
16 30 9
16 21 4
16 18 12
17 22 20
17 18 19
17 21 16
17 28 3
17 24 20
17 23 5
17 26 3
17 30 9
17 19 16
17 33 16
18 22 1
18 33 19
18 29 7
18 24 17
18 21 5
18 28 20
18 26 17
18 27 19
18 20 9
18 31 18
19 23 16
19 21 14
19 30 4
19 33 20
19 29 18
19 28 1
19 26 7
19 32 14
19 25 16
20 27 4
20 22 13
20 23 17
20 26 9
20 29 20
20 24 8
20 31 2
20 33 19
20 25 19
20 30 20
21 23 12
21 28 18
21 25 19
21 29 14
21 30 6
21 27 16
21 33 7
21 31 3
21 24 7
21 26 8
21 32 12
22 23 14
22 29 12
22 28 11
22 24 14
22 31 19
22 27 5
22 26 17
23 29 18
23 30 10
23 26 3
23 33 18
23 32 16
23 27 13
24 27 7
24 32 6
24 25 7
24 29 9
24 30 18
24 33 3
24 26 2
24 31 2
25 31 3
25 29 20
25 32 9
25 30 11
25 28 13
25 33 6
25 26 5
26 32 2
26 30 19
26 28 16
26 29 6
26 27 12
27 33 5
27 29 6
27 32 19
27 28 5
28 30 3
28 33 6
28 29 2
29 31 12
29 30 19
29 32 5
30 32 2
30 31 4
31 32 17
32 33 17
17 32 8 17
16 22 10 12
4 7 10 14
5 33 8 17
15 32 9 18
2 23 4 11
19 30 8 10
6 17 7 15
15 24 10 15
8 17 3 7
2 29 5 7
10 25 9 10
10 26 6 10
10 11 7 15
21 33 2 12
17 22 10 17
11 18 10 14
19 31 10 12
12 14 9 10
13 14 7 9
11 24 5 8
23 32 4 9
6 10 3 9
4 17 5 11
27 30 3 4
2 19 4 14
3 24 8 9
15 32 10 19
11 13 1 6
25 27 1 10
2 25 3 6
19 29 3 13
12 28 5 8
17 27 3 6
18 27 9 11
14 19 10 16
5 30 10 17
2 32 9 15
26 31 4 12
15 31 2 11
2 33 1 7
24 33 5 12
12 20 10 20
5 16 1 5
4 13 6 15
8 20 7 13
19 22 2 9
12 15 9 14
9 13 3 8
1 32 2 4
6 12 9 15
11 16 9 19
21 29 3 6
12 25 9 15
4 10 2 4
3 18 7 13
32 33 10 15
8 10 1 9
12 14 4 12
8 22 10 18
10 13 8 15
6 24 1 9
6 11 7 8
6 31 3 11
