0 31 18
0 7 20
0 10 4
0 29 11
0 13 7
0 1 18
0 11 17
0 18 10
0 24 6
0 3 10
0 32 7
0 25 4
0 4 5
0 26 10
0 16 18
0 14 17
0 33 13
0 2 10
1 22 4
1 23 2
1 24 15
1 5 6
1 26 1
1 12 8
1 2 5
1 21 4
1 10 9
1 19 16
1 15 14
1 8 3
1 33 19
1 32 20
1 31 14
2 20 3
2 32 4
2 21 3
2 3 13
2 10 6
2 27 18
2 11 12
2 9 18
2 33 16
2 19 6
2 16 8
2 26 3
2 31 17
2 22 14
2 28 1
2 29 20
2 25 17
2 6 11
2 17 7
2 30 5
3 27 4
3 8 10
3 23 19
3 19 19
3 10 18
3 16 10
3 11 19
3 33 3
3 32 9
3 26 6
3 21 7
3 12 8
3 4 18
3 7 3
3 22 15
3 30 14
3 29 20
3 28 7
3 15 16
3 14 17
3 5 2
3 18 4
3 9 12
4 12 5
4 22 20
4 25 15
4 21 5
4 15 7
4 20 4
4 23 3
4 5 9
4 6 17
4 24 7
4 14 20
4 11 6
4 29 4
4 28 3
4 32 8
4 17 17
4 33 11
4 9 14
4 10 15
4 13 3
4 31 9
4 16 4
5 32 11
5 21 19
5 26 7
5 15 8
5 7 6
5 17 5
5 6 20
5 13 10
5 8 20
5 30 9
5 16 9
5 19 12
5 11 20
6 16 19
6 19 17
6 25 7
6 18 5
6 33 10
6 8 3
6 26 19
6 23 16
6 27 1
6 21 9
6 10 7
6 9 9
6 32 3
6 29 9
6 30 19
6 7 18
6 12 7
6 14 3
6 28 16
6 20 1
7 26 19
7 20 8
7 31 15
7 11 18
7 16 2
7 15 10
7 30 12
7 29 5
7 10 18
7 9 12
7 22 8
7 33 17
7 8 14
7 23 4
7 13 16
7 18 2
8 13 15
8 29 17
8 21 2
8 23 15
8 31 13
8 9 6
8 33 2
8 15 18
8 17 13
8 24 14
8 28 12
8 12 3
8 16 8
8 10 4
8 20 7
8 27 7
8 14 7
8 25 8
8 11 11
9 16 5
9 28 4
9 21 19
9 19 7
9 14 20
9 11 4
9 32 16
9 10 7
9 13 9
9 17 14
9 20 1
9 22 10
9 26 15
9 18 10
9 27 2
9 30 16
9 24 4
9 25 1
10 20 10
10 14 6
10 19 15
10 16 1
10 28 15
10 21 2
10 11 20
10 17 11
10 33 20
10 13 18
10 27 18
10 32 9
10 23 17
10 24 14
10 30 12
11 24 6
11 27 14
11 21 5
11 16 6
11 25 3
11 33 17
11 30 6
11 22 15
11 23 3
11 29 19
11 26 6
11 32 11
11 14 19
12 33 7
12 25 4
12 14 10
12 27 2
12 17 2
12 15 6
12 24 10
12 20 15
12 16 8
12 23 13
12 29 12
12 31 18
12 26 16
12 13 15
12 28 2
13 31 20
13 14 15
13 18 8
13 32 13
13 27 1
13 19 11
13 20 20
13 17 12
13 26 13
13 33 13
13 16 1
13 29 16
13 25 4
13 30 7
13 28 7
13 15 14
14 20 8
14 33 9
14 26 16
14 21 6
14 22 5
14 16 10
14 17 15
14 28 5
14 29 20
14 18 4
14 23 20
14 30 4
14 15 1
15 27 2
15 32 4
15 31 17
15 26 7
15 18 3
15 33 10
15 21 12
15 30 17
15 22 4
15 19 13
15 29 19
15 28 5
15 16 10
16 28 6
16 19 16
16 31 18
16 18 3
16 20 5
16 33 8
16 25 20
16 23 5
16 26 15
16 30 12
16 27 20
17 28 16
17 19 10
17 29 15
17 32 17
17 30 1
17 25 19
17 23 3
18 19 5
18 26 11
18 31 6
18 22 4
18 23 18
18 32 13
18 21 16
18 27 2
18 29 19
18 24 3
19 20 18
19 22 19
19 33 5
19 31 11
19 32 18
19 30 4
19 24 2
20 26 11
20 23 17
20 22 17
20 33 11
20 27 9
20 30 1
20 28 7
20 21 9
20 25 18
20 29 6
21 30 11
21 31 14
21 24 17
21 28 1
21 33 8
21 26 4
21 29 19
22 25 17
22 23 3
22 32 9
22 31 8
22 28 13
22 33 6
22 29 10
23 30 19
23 31 20
23 27 2
24 29 20
24 25 14
24 31 15
24 32 18
24 26 2
24 30 4
24 33 19
24 27 16
25 32 4
25 29 3
25 26 2
25 28 16
25 33 16
25 27 16
25 31 5
26 30 15
26 33 11
26 27 10
27 33 14
27 30 11
27 28 7
27 29 8
28 33 12
28 32 5
28 31 18
28 29 14
29 32 15
29 33 20
30 32 19
31 33 1
31 32 8
32 33 17
24 28 6 11
9 32 9 16
2 31 3 4
8 18 3 10
20 32 4 14
14 16 7 11
5 11 5 6
5 6 3 7
17 32 1 2
3 25 9 17
19 30 7 17
10 14 7 17
4 10 3 7
10 27 5 10
28 33 2 10
7 33 2 5
28 31 5 7
17 22 7 12
20 25 3 7
12 25 4 11
3 6 7 16
9 23 8 17
23 30 1 6
6 21 6 12
9 26 3 6
8 12 5 11
2 3 4 5
17 22 4 10
3 33 10 19
1 18 4 11
7 19 8 9
10 25 2 3
0 8 6 12
21 30 8 14
11 15 1 3
18 26 3 5
4 22 8 16
22 24 7 10
6 7 1 2
13 17 4 7
0 14 6 7
9 29 1 11
12 17 2 12
14 31 5 10
5 20 5 7
5 27 2 7
10 25 4 9
5 19 10 13
24 28 9 11
7 11 6 10
2 18 2 7
15 23 2 9
8 13 5 15
2 28 7 9
18 19 9 15
6 10 1 4
10 25 2 11
3 24 6 10
11 32 8 9
16 27 4 13
13 24 9 16
