0 19 13
0 32 20
0 2 17
0 21 7
0 8 1
0 17 3
0 30 5
0 16 15
0 23 15
0 18 4
0 29 7
0 1 13
0 3 1
0 9 8
0 20 14
0 4 5
0 24 9
1 12 1
1 30 14
1 14 10
1 21 4
1 11 11
1 28 12
1 2 11
1 25 1
1 6 1
1 13 5
1 27 19
1 24 9
1 26 1
1 7 8
1 20 17
1 19 18
1 18 1
1 23 10
2 6 9
2 22 14
2 18 6
2 19 20
2 32 8
2 26 6
2 29 19
2 15 2
2 12 6
2 17 8
2 28 6
2 31 12
2 3 6
2 10 8
2 5 19
2 7 20
2 9 2
2 14 3
2 20 14
2 11 20
2 33 7
2 4 19
3 7 3
3 24 1
3 33 12
3 13 5
3 29 11
3 5 11
3 27 3
3 14 14
3 15 13
3 19 11
3 16 6
3 8 19
3 20 20
3 32 9
3 30 12
3 25 5
3 9 20
3 18 20
3 31 5
3 11 2
4 22 12
4 30 7
4 9 13
4 16 4
4 13 14
4 10 20
4 26 13
4 11 13
4 28 14
4 5 20
4 7 3
4 19 9
4 29 4
4 15 13
4 32 13
4 23 10
4 20 5
4 18 6
4 25 17
4 12 19
5 19 16
5 32 13
5 25 1
5 8 18
5 23 14
5 27 2
5 15 11
5 12 9
5 24 12
5 9 14
5 13 7
5 29 10
5 28 17
5 26 14
5 17 18
5 31 6
5 21 18
5 20 6
5 10 16
6 19 17
6 7 3
6 14 3
6 30 11
6 32 2
6 10 16
6 18 20
6 15 6
6 26 13
6 22 11
6 20 11
6 24 9
6 25 9
6 13 1
6 17 16
6 31 7
6 21 15
7 11 4
7 15 7
7 14 17
7 21 16
7 22 17
7 25 18
7 13 8
7 8 19
7 20 8
7 18 7
7 31 18
7 27 1
7 17 15
7 28 17
7 9 3
7 10 3
8 18 5
8 17 13
8 33 8
8 14 3
8 29 16
8 28 6
8 16 13
8 23 9
8 15 13
8 10 4
8 21 6
8 11 13
8 30 20
8 22 18
8 20 17
8 13 13
8 9 14
8 24 7
8 31 19
8 19 17
9 11 12
9 16 11
9 15 8
9 10 4
9 31 15
9 14 13
9 19 4
9 32 2
9 18 13
9 24 13
9 20 17
9 13 19
9 21 7
9 12 3
9 25 8
9 26 9
9 17 20
10 23 4
10 28 7
10 16 19
10 33 6
10 24 5
10 26 17
10 27 7
10 21 2
10 11 1
10 25 2
10 12 15
10 13 11
10 15 11
10 17 6
10 31 18
10 22 9
10 20 19
11 13 2
11 31 8
11 17 1
11 12 9
11 27 2
11 26 3
11 33 19
11 19 4
11 15 10
11 25 1
11 32 6
11 30 12
11 18 9
11 20 1
11 29 1
11 23 14
11 22 15
11 28 13
12 32 9
12 20 15
12 29 8
12 21 4
12 31 3
12 22 18
12 24 13
12 19 17
12 18 10
12 28 6
12 17 14
12 15 20
13 31 5
13 23 19
13 26 17
13 33 9
13 18 13
13 28 20
13 22 20
13 32 15
13 25 11
13 19 18
13 17 6
13 29 18
13 20 15
14 28 4
14 22 7
14 32 18
14 27 1
14 23 17
14 19 12
14 26 11
14 17 17
14 24 16
14 33 12
14 16 11
14 31 17
14 18 10
15 18 17
15 27 18
15 26 9
15 29 2
15 22 9
15 32 14
15 28 14
15 24 13
15 23 18
16 19 7
16 17 9
16 24 16
16 27 8
16 21 19
16 32 15
16 26 16
16 31 6
16 22 7
16 28 5
16 23 7
17 29 10
17 18 4
17 32 18
17 23 3
17 21 8
17 20 11
17 25 9
17 27 19
17 31 19
17 24 18
17 26 5
17 19 1
17 33 18
18 25 11
18 32 3
18 27 9
18 30 19
18 19 13
18 26 5
18 20 8
19 25 10
19 24 12
19 21 2
19 20 8
19 29 12
19 22 3
19 30 6
19 28 2
20 25 8
20 27 6
20 31 18
20 32 12
20 21 19
20 22 3
20 30 19
20 23 19
21 27 11
21 26 8
21 29 10
21 23 3
21 25 5
21 33 20
21 30 12
22 32 3
22 28 20
22 31 7
22 27 19
22 25 7
22 29 3
22 26 8
22 33 7
23 30 9
23 26 12
23 25 4
23 32 6
23 27 2
24 27 5
24 25 3
24 30 20
24 31 6
24 33 1
25 30 15
25 33 14
25 32 17
25 27 10
25 26 13
26 30 11
26 29 17
26 27 14
26 33 9
26 28 13
26 32 13
27 31 14
27 28 13
27 33 3
27 30 16
27 29 5
28 33 1
28 29 6
28 32 13
29 31 16
29 32 4
29 33 12
23 28 6 15
24 30 10 20
10 23 2 7
16 24 5 13
17 30 4 12
12 15 5 9
4 6 1 5
25 26 7 10
3 28 6 12
15 21 2 3
9 26 8 9
12 26 10 15
20 21 6 13
12 24 9 19
11 22 8 10
5 22 8 9
5 21 9 18
11 19 4 14
6 11 3 9
1 17 4 5
10 28 4 14
3 18 2 6
22 26 1 4
13 19 4 11
9 25 9 16
31 32 8 14
5 23 8 10
0 26 10 14
13 31 10 15
13 27 6 15
11 28 2 11
29 32 1 4
9 30 1 10
4 21 3 12
6 25 2 10
2 20 3 7
28 29 10 20
16 17 1 3
18 29 2 8
21 32 5 6
18 25 4 9
10 17 10 20
20 26 2 9
3 6 2 4
4 26 9 14
9 20 5 10
2 11 4 9
9 20 5 7
17 26 6 14
4 19 8 15
0 5 2 5
29 31 3 6
3 32 2 10
9 11 10 17
23 33 7 11
16 29 2 10
30 32 1 2
14 24 5 6
6 33 10 11
29 30 3 4
12 27 7 13
16 31 8 10
