0 33 9
0 8 11
0 6 13
0 2 5
0 17 6
0 19 7
0 32 8
0 3 6
0 31 12
0 7 17
0 14 4
0 20 16
0 18 18
0 15 4
0 16 9
0 5 5
0 24 10
0 22 4
0 29 6
0 27 14
0 9 14
1 22 13
1 30 12
1 21 4
1 16 1
1 23 4
1 11 4
1 24 15
1 15 15
1 19 6
1 10 17
1 28 3
1 20 14
1 31 9
1 26 9
1 12 16
1 25 5
1 33 3
1 8 19
1 27 8
1 18 19
1 2 20
1 29 7
2 20 10
2 19 18
2 11 5
2 28 7
2 31 10
2 10 14
2 30 14
2 8 13
2 15 8
2 24 2
2 18 19
2 14 14
2 9 6
2 16 13
2 32 12
2 25 20
2 12 10
2 27 5
2 4 13
2 13 15
2 29 14
2 21 19
2 3 1
2 7 17
3 33 19
3 20 18
3 19 2
3 21 15
3 23 12
3 10 14
3 22 7
3 29 1
3 32 10
3 6 4
3 16 9
3 7 5
3 15 17
3 26 18
3 24 3
3 18 1
3 8 17
4 25 19
4 23 18
4 29 5
4 20 10
4 9 1
4 15 3
4 24 2
4 14 15
4 16 16
4 12 3
5 29 14
5 33 11
5 10 4
5 26 20
5 12 6
5 9 8
5 18 11
5 6 15
5 17 16
5 31 2
5 24 7
5 22 13
5 13 3
5 7 9
5 28 17
5 21 10
5 20 10
6 23 11
6 10 16
6 16 18
6 29 3
6 13 11
6 33 2
6 22 12
6 26 19
6 9 16
6 14 13
6 31 18
6 17 15
6 8 20
6 20 10
6 25 14
6 30 2
7 16 15
7 26 12
7 24 9
7 31 18
7 11 18
7 10 12
7 32 13
7 19 6
7 20 17
7 29 17
7 18 9
7 17 9
7 8 17
7 23 12
7 9 2
8 30 4
8 27 7
8 24 2
8 25 4
8 20 14
8 33 4
8 16 7
8 32 14
8 11 7
8 13 15
8 19 17
8 15 9
8 14 6
8 31 16
9 11 3
9 28 5
9 21 16
9 10 2
9 17 6
9 18 17
9 22 1
9 24 12
9 25 15
9 29 11
9 32 8
9 27 5
9 26 10
9 14 14
9 20 8
9 12 12
9 31 5
9 19 16
9 16 19
9 15 17
10 20 6
10 30 19
10 26 11
10 22 18
10 11 18
10 25 19
10 12 3
10 23 10
10 21 4
10 18 6
10 14 16
10 31 9
10 29 19
11 17 15
11 19 14
11 15 18
11 22 17
11 25 2
11 31 3
11 32 1
11 24 7
11 26 15
11 27 20
11 20 1
11 21 9
11 12 14
11 16 8
11 33 13
11 28 2
12 18 8
12 22 3
12 26 19
12 17 3
12 33 16
12 14 8
12 31 14
12 29 14
12 19 20
12 24 13
12 21 15
12 20 3
12 23 5
12 27 2
12 30 19
13 28 11
13 32 9
13 30 14
13 17 1
13 14 5
13 29 13
13 21 3
13 26 14
13 25 19
13 18 3
13 31 8
13 20 1
13 22 10
13 23 16
14 33 10
14 31 10
14 30 7
14 17 1
14 15 15
14 23 19
14 18 16
14 22 4
14 29 18
14 21 10
14 27 13
15 22 7
15 20 1
15 28 5
15 29 12
15 30 1
15 26 18
15 33 13
15 17 9
15 19 8
15 27 17
15 25 8
15 24 20
15 18 12
15 16 12
16 20 8
16 22 9
16 32 18
16 30 12
16 29 20
16 31 17
16 24 8
16 18 14
16 26 18
16 19 3
16 27 13
17 18 6
17 25 15
17 31 4
17 19 8
17 26 3
17 32 12
17 21 6
17 22 7
17 28 19
17 24 8
17 27 18
18 31 1
18 19 12
18 29 12
18 25 13
18 27 10
18 23 9
18 22 7
18 30 9
18 21 10
18 20 3
18 26 16
18 24 15
19 20 18
19 32 16
19 31 6
19 30 9
19 23 11
19 25 16
20 25 15
20 29 18
20 22 18
20 33 4
20 27 13
20 32 18
20 31 20
20 23 3
20 28 14
20 24 9
20 26 15
21 30 7
21 29 19
21 23 1
21 26 18
21 31 9
21 25 1
21 24 13
21 27 14
21 22 15
22 23 20
22 25 14
22 29 6
22 31 12
22 33 4
22 28 20
22 24 6
22 32 15
23 24 6
23 30 5
23 28 7
23 27 1
23 26 2
23 29 9
23 31 19
24 30 14
24 27 16
24 32 18
24 33 20
24 28 2
25 33 12
25 31 2
25 28 5
25 27 18
25 29 15
25 32 15
25 30 18
25 26 16
26 31 18
26 33 14
26 28 15
26 29 19
26 27 19
26 32 13
27 32 9
27 28 3
27 29 11
28 31 5
28 29 9
29 30 18
29 31 9
29 33 1
30 31 4
30 33 10
30 32 4
15 19 1 11
12 25 1 7
9 30 6 14
18 28 8 12
22 27 1 8
30 32 8 10
11 25 1 11
1 33 6 12
5 21 5 6
15 22 3 13
29 30 7 10
0 10 2 7
15 19 4 6
6 12 2 5
11 23 7 10
2 19 4 5
9 25 5 7
9 18 8 13
20 33 2 6
15 20 1 9
10 23 6 16
28 33 2 7
7 23 1 5
8 13 8 12
14 23 8 12
4 7 1 10
1 23 6 14
10 32 8 17
3 13 1 11
17 23 3 5
4 27 9 12
31 32 9 10
21 22 2 8
1 15 3 10
5 29 8 10
5 29 8 13
2 33 2 12
3 9 7 10
4 29 7 12
18 29 7 11
3 28 5 12
5 17 2 12
1 9 1 4
0 20 2 11
3 30 1 10
12 23 4 13
8 19 1 7
4 12 2 3
27 29 5 9
13 23 6 7
5 22 2 4
1 21 1 7
5 14 10 19
18 29 1 9
7 23 2 5
11 16 4 13
4 19 4 14
22 29 3 7
5 17 4 5
3 31 1 5
11 32 8 15
13 21 6 9
