0 9 15
0 6 2
0 2 4
0 32 15
0 7 12
0 17 8
0 5 18
0 3 15
0 28 9
0 10 9
0 29 4
0 8 2
0 33 20
0 1 2
0 14 10
0 12 6
0 25 9
0 13 3
0 19 12
0 26 3
0 18 14
0 15 16
0 23 15
0 22 5
0 4 7
0 21 12
1 30 8
1 18 2
1 3 9
1 25 7
1 21 19
1 2 2
1 15 18
1 31 10
1 17 14
1 9 4
1 13 15
1 14 19
1 22 9
1 10 20
1 29 17
1 4 12
1 23 6
1 32 6
1 28 5
1 5 1
1 33 1
1 19 17
2 27 5
2 30 10
2 25 12
2 19 14
2 13 19
2 18 16
2 28 20
2 33 5
2 8 16
2 10 18
2 9 10
2 14 19
2 3 1
2 29 10
2 4 9
2 21 10
2 16 17
2 24 20
2 20 20
2 23 15
2 15 4
2 32 11
2 11 10
2 6 2
3 22 6
3 26 11
3 7 11
3 24 12
3 13 5
3 18 7
3 31 12
3 4 2
3 27 8
3 30 16
3 20 20
3 17 4
3 32 17
3 16 18
3 25 5
3 14 19
3 15 3
3 9 16
3 29 3
3 28 15
3 5 17
3 21 12
4 7 17
4 20 17
4 18 7
4 27 19
4 30 8
4 16 9
4 25 3
4 5 15
4 8 13
4 12 17
4 32 6
4 26 18
4 23 3
4 33 19
4 28 3
4 19 15
4 22 3
4 14 8
4 21 1
4 6 10
4 31 3
5 28 14
5 19 3
5 12 9
5 13 3
5 27 7
5 6 16
5 8 3
5 18 2
5 14 19
5 29 2
5 33 13
5 9 14
5 26 8
5 20 15
5 17 12
5 23 20
5 24 16
5 22 9
5 25 20
5 21 20
5 15 3
5 10 8
6 18 13
6 24 18
6 32 1
6 27 17
6 29 19
6 10 14
6 8 14
6 13 4
6 22 20
6 7 18
6 16 18
6 12 3
6 31 19
6 15 8
6 28 20
6 14 10
6 9 12
6 11 13
6 20 9
6 21 19
6 26 8
6 33 8
7 33 13
7 17 15
7 19 6
7 10 3
7 30 17
7 16 8
7 12 15
7 27 3
7 20 14
7 14 19
7 32 18
7 23 19
7 31 14
7 11 19
7 9 19
8 33 12
8 13 2
8 32 9
8 19 3
8 25 16
8 29 11
8 27 12
8 12 18
8 23 12
8 24 11
8 31 15
8 11 1
8 14 3
8 28 20
8 22 1
8 15 15
8 9 15
9 11 2
9 19 1
9 18 13
9 33 20
9 30 11
9 27 3
9 25 16
9 20 3
9 26 3
9 17 10
10 28 19
10 17 17
10 24 12
10 13 12
10 19 9
10 25 4
10 15 9
10 29 3
10 32 10
10 23 4
10 27 8
10 26 18
10 33 9
11 29 11
11 32 11
11 16 13
11 15 10
11 22 1
11 17 8
11 21 20
11 26 9
11 33 19
11 12 12
11 14 17
11 28 7
11 13 18
11 23 6
11 18 8
12 29 5
12 23 1
12 15 20
12 24 4
12 27 16
12 28 11
12 18 11
12 13 18
12 25 13
12 22 8
12 20 16
12 26 3
12 32 1
12 14 3
13 19 1
13 21 12
13 27 19
13 18 6
13 15 10
13 24 11
13 32 19
13 22 10
13 14 1
13 30 9
13 26 11
13 16 5
13 23 18
14 19 2
14 21 12
14 24 9
14 15 11
14 17 15
14 23 7
14 29 19
14 22 14
14 18 3
14 33 3
15 31 4
15 29 20
15 17 14
15 22 3
15 26 5
15 18 1
15 16 16
15 23 11
15 30 1
15 20 15
15 19 6
16 24 1
16 22 18
16 26 4
16 29 4
16 25 9
16 17 19
16 33 8
16 19 5
16 30 19
16 31 9
16 28 19
17 29 4
17 23 14
17 20 12
17 21 8
17 27 11
17 18 4
17 26 3
17 30 14
17 32 13
18 19 19
18 30 17
18 21 10
18 31 14
18 28 2
18 32 11
18 24 16
18 26 16
18 33 7
18 25 19
18 29 11
19 29 11
19 26 17
19 24 2
19 28 15
19 31 2
19 22 3
19 21 15
19 25 9
19 27 7
20 31 18
20 25 2
20 32 6
20 29 17
20 27 13
20 30 16
20 26 7
20 24 20
21 26 20
21 24 9
21 28 4
21 22 18
21 23 17
21 32 18
22 23 18
22 28 1
22 27 5
22 33 16
22 25 2
22 29 9
22 24 15
23 32 20
23 33 13
23 25 12
23 26 16
23 24 14
23 28 10
24 26 5
24 27 9
24 31 10
24 30 10
24 25 4
24 32 10
25 27 13
25 32 9
25 33 5
25 29 11
25 26 11
25 31 4
26 31 3
26 27 2
27 32 6
27 28 14
28 31 20
28 30 2
29 33 4
29 31 4
30 33 12
31 32 19
31 33 19
12 15 9 16
8 31 10 12
20 27 7 11
27 29 4 6
10 30 2 12
1 31 9 19
9 22 2 3
9 27 6 11
9 18 8 16
8 32 6 10
6 22 3 12
2 18 7 17
6 25 2 5
9 15 6 10
26 31 10 17
17 23 9 18
22 29 5 12
13 24 1 8
13 29 7 13
2 13 7 10
15 26 8 11
8 23 8 10
14 19 7 8
11 26 8 9
6 14 3 8
13 30 10 16
0 7 1 2
8 15 3 12
9 33 5 8
3 10 7 15
16 29 9 17
14 21 7 11
0 4 2 6
3 22 2 4
12 15 2 9
27 33 4 13
11 26 6 8
0 3 1 5
6 32 6 11
11 12 7 16
2 18 4 14
12 32 7 12
4 33 9 19
20 21 4 14
10 21 2 12
7 32 7 15
22 29 2 6
14 30 6 7
13 27 4 8
20 23 8 12
23 26 3 12
9 14 5 11
28 32 10 13
21 29 1 9
7 15 10 18
14 16 5 8
11 24 6 8
12 18 2 4
0 30 5 6
4 25 3 6
15 32 4 13
11 28 1 8
15 25 8 15
2 27 5 14
