0 19 4
0 25 1
0 10 19
0 16 8
0 7 8
0 21 2
0 6 8
0 9 3
0 28 9
0 20 4
0 12 19
0 23 1
0 14 10
0 26 17
0 33 13
0 1 3
0 32 4
0 13 15
0 4 17
0 18 2
0 22 13
0 30 3
1 23 20
1 22 16
1 29 20
1 18 12
1 21 14
1 14 11
1 15 18
1 9 7
1 26 18
1 10 14
1 32 18
1 11 8
1 33 8
1 27 18
1 3 1
1 13 14
1 8 16
1 2 17
1 4 8
1 24 19
1 31 17
1 16 11
2 20 5
2 22 16
2 21 6
2 15 9
2 25 2
2 13 4
2 8 15
2 32 18
2 9 14
2 6 17
2 31 3
2 29 18
2 33 10
2 12 3
2 14 3
2 11 10
2 5 4
2 10 2
2 26 14
2 24 13
2 28 13
2 27 2
2 19 7
3 29 12
3 14 12
3 16 7
3 26 5
3 30 18
3 18 1
3 23 1
3 19 7
3 5 10
3 22 2
3 12 17
3 25 15
3 10 6
3 32 14
3 15 13
3 8 1
3 6 16
3 24 12
4 12 13
4 33 6
4 28 13
4 25 20
4 11 17
4 10 20
4 14 8
4 13 19
4 9 5
4 22 3
4 7 15
4 15 16
4 18 12
4 30 11
4 19 18
4 27 9
4 31 1
4 24 3
4 5 4
4 29 12
4 6 18
5 8 13
5 21 10
5 31 7
5 19 13
5 29 4
5 28 2
5 25 9
5 11 19
5 30 2
5 17 13
5 24 4
5 10 4
5 32 5
5 26 6
5 6 3
5 23 19
5 20 16
6 26 1
6 12 11
6 8 9
6 24 20
6 13 19
6 31 19
6 9 8
6 16 4
6 19 15
6 25 3
6 17 15
6 23 3
6 20 11
6 10 14
6 18 14
6 22 2
6 28 4
6 15 2
7 25 10
7 9 3
7 8 8
7 22 17
7 14 17
7 24 16
7 27 20
7 29 20
7 23 18
7 33 5
7 15 15
7 10 14
7 12 17
7 31 3
7 28 7
7 16 14
7 13 4
7 30 2
7 19 12
8 13 12
8 21 1
8 28 12
8 32 11
8 23 10
8 9 13
8 27 16
8 22 11
8 18 15
8 33 20
8 17 15
8 26 7
8 14 1
8 25 20
8 31 15
8 19 8
8 11 4
8 20 16
9 31 10
9 14 14
9 27 13
9 18 10
9 12 6
9 15 8
9 26 1
9 25 6
9 19 14
9 33 10
9 22 1
9 13 8
9 20 7
9 11 8
10 33 16
10 17 12
10 26 2
10 29 3
10 19 5
10 15 12
10 31 18
10 11 13
10 21 6
10 18 4
10 16 16
10 32 1
10 12 12
10 14 6
10 24 3
11 17 6
11 24 12
11 21 10
11 33 12
11 31 7
11 26 8
11 15 2
11 25 7
11 28 4
11 19 13
11 13 4
11 20 14
11 12 1
11 22 15
12 26 19
12 17 16
12 18 19
12 13 3
12 16 18
12 23 3
12 25 6
12 33 1
12 21 1
12 31 18
12 32 19
12 20 5
12 27 9
12 19 14
13 16 4
13 22 11
13 20 17
13 33 13
13 24 6
13 26 14
13 18 14
13 29 4
13 27 3
13 15 8
13 14 12
13 30 6
13 21 10
13 19 19
13 17 14
14 31 15
14 30 4
14 33 6
14 24 5
14 16 12
14 21 19
14 32 19
14 20 15
14 19 19
14 17 4
14 28 12
14 27 19
14 25 9
15 33 20
15 16 20
15 32 13
15 29 2
15 17 10
15 22 17
15 31 14
15 19 20
15 24 5
15 27 4
16 27 1
16 28 4
16 32 18
16 20 5
16 24 9
16 31 8
16 29 4
16 18 16
17 29 4
17 27 11
17 23 15
17 18 9
17 22 6
17 21 9
17 30 4
17 20 12
17 28 9
17 25 2
18 25 19
18 31 8
18 19 8
18 23 3
18 28 13
19 22 5
19 21 4
19 28 9
19 32 7
19 31 16
19 29 20
19 24 16
19 25 9
19 26 18
19 30 11
19 20 15
20 29 5
20 32 10
20 23 4
20 28 14
20 24 4
20 31 13
20 21 2
20 25 17
20 26 18
21 25 11
21 31 3
21 33 3
21 32 7
21 22 7
21 29 11
21 26 9
21 30 5
21 24 6
22 23 17
22 30 19
22 27 17
22 33 8
22 31 12
22 26 2
23 30 7
23 24 17
23 33 11
23 28 10
23 27 18
23 32 3
23 25 20
24 32 9
24 31 3
24 27 12
24 33 19
24 26 13
25 30 3
25 26 12
25 28 4
26 27 10
26 30 9
26 31 14
26 32 7
26 28 7
27 28 18
27 30 3
27 33 20
28 30 16
28 33 15
28 29 13
29 32 12
29 30 19
29 33 9
30 33 10
30 32 4
30 31 6
31 32 8
31 33 1
32 33 19
10 29 7 9
16 31 7 17
8 22 2 10
0 33 8 17
8 11 3 5
5 29 6 8
3 6 4 12
11 20 6 14
1 20 7 8
14 33 5 9
10 29 2 9
15 24 8 11
10 30 9 11
19 29 10 19
1 28 3 5
10 27 5 7
10 16 2 6
0 20 2 6
20 25 8 12
25 31 6 15
3 23 7 16
9 25 7 13
5 12 5 13
2 8 5 14
9 12 8 18
17 29 7 12
28 31 9 19
1 22 3 10
0 1 10 17
5 23 2 6
6 18 9 17
20 29 5 8
28 33 6 13
18 30 7 8
1 9 3 5
11 24 6 9
4 18 9 11
0 10 2 3
27 30 2 4
17 33 1 10
17 24 6 8
3 25 7 12
21 23 3 9
2 24 6 8
24 28 8 9
4 19 7 13
2 30 10 13
23 27 8 13
18 28 5 14
7 17 5 15
2 30 2 6
4 9 6 10
26 33 2 10
17 31 4 12
3 29 5 7
7 21 3 8
4 9 8 16
14 20 10 15
15 28 10 15
20 22 8 16
7 15 4 14
14 23 10 11
22 28 8 13
5 31 6 12
1 32 4 10
