0 28 4
0 12 5
0 10 6
0 25 16
0 19 20
0 26 16
0 30 11
0 27 11
0 14 16
0 29 20
0 20 9
0 9 8
0 6 14
0 15 12
0 13 1
0 32 7
0 33 2
0 21 8
0 2 7
0 24 19
0 8 17
0 7 10
0 3 19
0 16 11
0 4 2
1 12 13
1 9 4
1 30 2
1 21 13
1 32 15
1 2 3
1 26 2
1 29 16
1 23 6
1 33 8
1 13 5
1 10 14
1 24 13
1 6 7
1 27 5
1 22 17
1 15 19
1 18 9
1 17 14
2 12 8
2 20 19
2 19 8
2 21 7
2 14 4
2 30 20
2 8 6
2 4 1
2 10 19
2 6 10
2 32 19
2 17 17
2 15 7
2 25 4
2 18 6
2 31 12
2 26 5
2 3 7
2 27 13
2 28 2
3 17 8
3 24 3
3 12 9
3 14 1
3 19 20
3 10 11
3 16 13
3 25 3
3 8 2
3 15 15
3 31 20
3 29 3
3 13 19
3 4 1
3 9 16
3 32 11
3 20 6
3 11 13
3 22 1
3 23 13
3 30 20
3 18 12
4 10 15
4 32 12
4 5 7
4 25 4
4 11 12
4 24 3
4 14 19
4 13 12
4 28 18
4 31 3
4 7 11
4 20 12
4 26 11
4 16 3
4 22 11
4 27 9
4 17 14
5 22 16
5 25 12
5 8 6
5 19 5
5 21 1
5 28 3
5 23 15
5 26 20
5 7 16
5 27 1
5 17 7
5 20 6
5 31 17
5 33 17
5 6 10
5 15 9
5 13 17
5 32 1
5 29 12
5 16 8
5 10 19
6 7 17
6 13 8
6 31 18
6 23 15
6 32 6
6 22 15
6 11 6
6 33 10
6 18 16
6 12 4
6 14 15
6 17 10
6 15 15
6 19 9
6 20 5
6 10 20
7 13 11
7 14 15
7 17 12
7 32 11
7 22 12
7 18 18
7 31 6
7 8 6
7 21 3
7 16 6
7 15 3
7 12 10
7 9 16
7 25 3
7 24 16
7 23 7
8 9 4
8 16 14
8 18 2
8 11 5
8 27 5
8 25 14
8 23 12
8 24 17
8 31 5
8 19 7
8 22 7
8 28 5
8 10 5
8 26 15
8 32 4
8 20 10
8 14 11
8 15 19
8 13 20
9 14 16
9 12 2
9 10 18
9 32 3
9 20 7
9 22 20
9 13 7
9 16 6
9 26 11
9 18 16
9 31 8
9 21 12
9 33 11
9 28 5
9 15 8
10 28 15
10 18 17
10 12 13
10 16 10
10 27 8
10 31 5
10 23 6
10 15 20
10 25 10
10 20 6
10 14 5
10 24 8
11 26 20
11 20 6
11 17 17
11 25 9
11 23 17
11 19 8
11 18 15
11 24 13
11 27 19
11 32 14
11 15 8
11 13 11
11 22 15
11 14 7
12 17 2
12 23 9
12 21 13
12 32 2
12 33 12
12 20 17
12 14 11
12 26 8
12 27 18
12 30 4
12 15 15
12 13 18
12 24 15
13 18 10
13 32 8
13 26 6
13 33 13
13 30 15
13 31 2
13 27 17
13 24 11
13 15 1
13 22 12
13 29 12
13 14 14
13 28 14
13 25 13
14 17 14
14 25 7
14 22 6
14 28 12
14 26 12
14 21 18
14 20 5
14 32 4
14 33 3
15 22 5
15 26 12
15 18 20
15 17 8
15 31 14
15 32 12
15 33 20
15 29 11
15 25 6
16 31 13
16 20 11
16 27 17
16 21 12
16 19 6
16 22 16
16 25 2
16 29 8
16 30 2
16 28 6
16 33 8
16 23 4
16 17 11
16 32 20
16 24 19
17 27 13
17 20 19
17 21 12
17 19 11
17 30 9
17 28 5
17 23 12
17 33 18
17 26 8
17 24 8
18 26 8
18 32 15
18 20 16
18 23 7
18 22 16
18 29 15
18 31 15
18 27 2
18 33 8
18 21 3
18 30 14
18 19 2
18 25 6
19 27 6
19 32 1
19 33 2
19 31 18
19 23 2
19 21 1
20 21 14
20 22 12
20 33 13
20 31 7
20 26 5
20 27 6
20 24 13
20 28 19
21 32 6
21 23 13
21 33 10
21 30 3
21 27 13
21 22 19
22 27 17
22 31 16
22 23 13
22 29 2
22 26 11
22 28 19
22 33 15
22 30 8
23 30 15
23 33 3
23 27 19
23 24 18
23 29 6
23 26 5
23 32 7
24 29 8
24 27 11
24 30 4
24 28 13
25 30 16
25 32 15
25 26 13
25 33 10
25 31 12
25 28 9
26 31 12
26 30 19
26 29 16
26 27 6
26 28 16
27 33 2
27 32 17
27 28 6
28 29 11
28 31 17
28 32 5
28 33 16
29 32 11
29 33 12
29 30 4
30 33 19
30 31 8
31 32 15
32 33 7
23 31 4 8
0 17 4 5
11 16 9 12
15 17 1 6
20 25 5 14
13 33 1 7
3 6 7 17
10 11 2 4
16 29 4 10
8 26 6 13
0 19 2 8
9 26 4 9
0 17 3 6
14 32 1 4
24 32 4 6
16 28 7 8
0 6 5 6
6 27 2 3
12 23 8 15
3 6 5 10
1 7 2 11
0 22 8 15
13 26 9 12
6 11 5 12
1 30 3 9
19 31 3 6
2 20 8 10
3 25 2 5
6 32 7 10
11 25 6 8
1 33 10 20
1 6 5 9
6 24 3 7
27 31 10 20
15 28 1 7
0 31 3 13
3 17 10 16
2 14 2 8
11 19 4 10
26 28 7 11
9 18 6 12
1 22 6 12
10 15 10 14
1 8 7 17
22 26 6 11
20 24 2 10
7 11 4 10
2 3 4 7
18 25 7 8
13 17 8 16
11 16 5 15
3 5 10 12
10 20 4 9
3 31 3 9
15 30 8 15
5 25 10 14
21 33 3 8
17 30 9 15
6 28 6 14
7 15 9 10
5 26 10 19
