0 3 19
0 17 2
0 9 13
0 22 6
0 14 4
0 25 12
0 5 8
0 15 6
0 19 18
0 30 16
0 29 14
0 28 4
0 1 3
0 21 18
0 11 18
0 4 4
0 7 7
1 14 8
1 19 2
1 18 12
1 25 8
1 2 5
1 22 1
1 13 3
1 21 9
1 10 9
1 16 10
1 30 6
1 8 8
1 6 9
1 4 13
1 20 6
1 7 15
1 31 17
1 9 10
1 5 5
2 16 1
2 24 9
2 17 14
2 8 1
2 22 3
2 32 17
2 29 1
2 9 2
2 23 6
2 3 10
2 14 13
2 27 16
2 31 13
2 11 3
2 13 13
2 7 1
2 5 7
2 26 8
2 30 1
2 33 18
2 19 19
3 30 20
3 5 13
3 10 6
3 22 12
3 16 1
3 25 8
3 24 19
3 15 2
3 12 14
3 7 11
3 14 16
3 33 13
3 23 17
3 32 2
3 6 9
3 26 18
3 13 5
3 29 12
3 17 3
4 19 17
4 11 18
4 17 13
4 24 14
4 29 19
4 22 5
4 9 11
4 21 4
4 23 20
4 12 12
4 7 18
4 28 5
4 26 10
4 10 5
4 30 15
4 27 8
4 33 19
4 14 6
4 13 12
4 15 11
4 5 15
4 18 13
5 14 10
5 33 6
5 22 12
5 25 13
5 30 11
5 15 16
5 12 16
5 17 20
5 20 2
5 28 19
5 31 6
5 6 20
5 7 4
5 27 8
5 16 4
5 9 12
5 18 11
6 22 5
6 32 20
6 14 14
6 20 18
6 24 20
6 8 12
6 17 4
6 16 2
6 25 6
6 31 14
6 7 3
6 13 7
6 12 15
6 11 10
6 21 2
6 33 12
6 18 2
6 30 11
6 15 11
7 14 20
7 22 17
7 32 4
7 12 2
7 17 20
7 16 20
7 31 19
7 24 20
7 11 13
7 9 10
7 19 17
7 10 10
7 26 20
7 30 1
7 23 2
8 30 11
8 15 14
8 32 9
8 16 13
8 12 16
8 21 6
8 24 11
8 23 9
8 29 17
8 20 8
8 19 19
8 10 11
8 9 19
9 18 19
9 29 20
9 33 15
9 27 13
9 22 10
9 15 7
9 30 10
9 26 15
9 13 4
9 21 18
9 24 7
9 12 10
9 16 9
9 28 7
9 31 4
9 20 5
9 25 20
10 19 20
10 16 9
10 15 7
10 12 15
10 31 18
10 13 18
10 27 14
10 33 4
10 30 16
10 24 3
10 17 18
10 23 7
10 25 1
10 28 18
10 20 19
11 18 2
11 19 13
11 32 17
11 13 16
11 25 6
11 33 11
11 14 4
11 31 13
11 27 5
11 29 16
11 30 19
11 24 11
11 22 10
11 28 3
11 23 2
11 20 16
12 15 20
12 13 18
12 28 2
12 17 11
12 24 19
12 32 1
12 29 19
12 16 2
12 18 15
12 20 16
12 23 20
12 31 10
12 27 5
13 18 4
13 25 18
13 22 4
13 17 5
13 19 19
13 26 8
13 20 14
13 30 20
13 32 7
13 16 5
13 33 6
13 28 20
13 24 4
13 31 17
13 14 15
13 15 3
13 27 4
13 23 18
14 21 14
14 20 16
14 32 18
14 17 17
14 22 15
14 24 3
14 28 6
14 25 12
14 31 14
14 19 10
14 15 13
15 28 11
15 24 1
15 23 11
15 26 10
15 29 15
15 18 9
15 30 16
15 21 7
15 31 11
15 17 14
15 27 10
15 20 9
15 32 16
15 22 12
16 24 17
16 28 13
16 23 2
16 22 17
16 29 8
16 26 17
16 27 20
16 21 4
16 30 18
16 33 13
17 20 3
17 27 9
17 26 6
17 30 4
17 32 12
17 23 5
17 24 8
17 31 7
17 28 16
18 32 16
18 25 20
18 22 7
18 27 16
18 28 4
18 30 4
18 31 20
18 29 11
18 23 13
18 20 3
18 19 3
18 26 11
19 24 7
19 33 2
19 21 11
19 23 4
19 31 10
19 27 18
19 26 15
19 32 14
19 20 2
19 29 14
19 30 6
20 27 14
20 33 1
20 26 13
20 31 13
20 28 8
20 25 17
20 23 12
20 32 18
20 30 4
20 24 12
21 25 11
21 24 7
21 23 8
21 32 1
21 27 5
21 28 19
21 29 7
22 28 11
22 30 2
22 24 3
23 31 18
23 28 8
23 29 17
23 30 15
23 26 4
24 26 7
24 32 20
24 25 18
24 29 9
24 27 1
24 33 14
24 31 16
24 30 10
25 27 4
25 28 2
25 26 13
26 29 1
26 28 8
26 27 6
26 30 5
26 31 16
27 30 20
27 29 9
27 31 19
27 33 19
27 32 10
28 30 3
28 32 7
29 30 2
30 33 18
30 31 8
30 32 18
31 33 8
32 33 19
2 16 2 6
17 30 9 12
7 23 10 15
29 32 2 4
21 32 5 8
18 19 4 12
12 28 2 10
7 19 6 7
4 20 3 4
9 29 3 6
21 26 2 12
18 24 7 14
5 9 8 16
10 19 2 4
6 10 4 8
8 18 5 10
30 32 1 7
7 9 4 5
16 24 7 16
11 31 10 17
7 29 6 12
20 31 3 12
7 15 8 16
19 25 9 13
16 28 3 7
6 9 3 13
2 3 1 3
2 16 4 11
21 22 9 14
3 13 7 15
6 31 10 12
21 24 2 4
3 29 5 8
5 16 2 7
15 21 2 8
5 32 6 7
5 26 5 9
28 31 3 9
20 29 9 14
24 31 5 13
23 25 7 16
8 18 5 15
1 22 5 10
13 30 5 7
4 10 5 15
14 33 9 11
11 31 9 14
5 30 9 11
4 9 6 7
16 29 9 10
2 27 7 12
11 14 9 12
6 23 2 12
14 21 5 10
10 31 9 17
7 26 4 14
1 3 3 12
21 25 10 15
1 8 10 12
2 30 9 14
18 20 9 15
12 31 10 11
3 30 1 6
