0 19 6
0 23 7
0 6 12
0 8 6
0 32 15
0 7 12
0 5 11
0 10 3
0 22 10
0 33 1
0 27 11
0 4 8
0 14 12
0 9 14
0 29 19
0 18 20
0 13 3
0 24 17
0 21 1
0 30 11
0 31 3
0 15 4
0 3 17
0 1 16
0 25 17
0 2 11
0 26 18
0 16 9
1 9 12
1 12 5
1 26 13
1 30 12
1 13 2
1 16 2
1 21 10
1 25 8
1 28 2
1 31 12
1 11 8
1 20 2
1 3 15
1 29 1
1 33 6
1 7 7
1 14 2
1 18 15
1 32 8
1 24 18
2 3 1
2 24 9
2 19 12
2 32 10
2 9 10
2 7 18
2 10 18
2 28 16
2 15 18
2 11 2
2 8 9
2 29 5
2 25 16
2 14 5
2 30 1
2 26 20
2 31 16
2 12 20
2 22 1
2 13 15
2 16 5
3 6 17
3 4 19
3 28 5
3 32 18
3 27 8
3 19 10
3 15 6
3 16 4
3 26 7
3 14 11
3 18 20
3 30 13
3 23 7
3 20 14
3 10 18
3 31 3
3 22 5
3 7 7
3 13 3
3 17 12
3 11 20
4 15 16
4 20 18
4 32 1
4 25 7
4 5 16
4 23 13
4 27 12
4 24 8
4 11 1
4 17 3
4 33 15
4 7 19
4 12 10
4 14 2
4 28 15
4 13 10
4 8 6
4 30 18
4 9 11
5 13 20
5 20 18
5 31 20
5 15 16
5 33 6
5 26 15
5 21 9
5 9 16
5 22 2
5 25 15
5 23 15
5 29 8
5 28 20
5 30 20
5 12 1
5 16 17
5 17 7
5 6 3
5 14 15
6 16 19
6 17 2
6 9 12
6 32 3
6 8 12
6 27 14
6 19 1
6 13 9
6 31 8
6 20 10
6 26 6
6 25 18
6 18 20
6 22 12
6 15 16
6 10 16
6 7 10
6 21 4
7 30 1
7 33 7
7 22 13
7 17 5
7 15 11
7 13 4
7 24 10
7 9 12
7 28 3
7 11 19
7 21 17
7 20 19
8 27 15
8 30 19
8 28 1
8 21 15
8 33 15
8 18 4
8 24 3
8 26 6
8 13 14
8 31 7
8 19 15
8 20 6
8 25 3
8 16 9
9 11 8
9 21 1
9 27 18
9 22 2
9 17 7
9 10 13
9 24 18
9 18 11
9 28 4
9 13 7
9 16 19
9 23 12
9 33 10
9 19 17
9 26 2
9 15 8
9 25 9
9 14 3
9 29 17
9 30 6
9 20 12
10 21 5
10 18 17
10 12 16
10 29 15
10 15 18
10 25 17
10 16 8
10 28 7
10 27 5
10 19 16
10 23 8
10 31 4
10 17 17
10 20 5
10 13 1
10 22 15
11 12 15
11 17 13
11 18 11
11 25 1
11 27 10
11 29 2
11 19 4
11 32 8
11 28 14
11 20 8
11 14 10
11 26 18
12 27 20
12 24 14
12 29 13
12 21 1
12 18 10
12 33 7
12 13 10
12 22 19
12 26 3
12 32 6
12 31 17
12 30 19
12 15 2
12 14 7
12 17 9
13 15 5
13 17 19
13 31 5
13 22 8
13 32 18
13 25 3
13 28 3
13 26 13
13 24 2
13 27 17
13 19 10
13 23 4
14 27 7
14 32 9
14 33 10
14 20 15
14 25 16
14 18 7
14 15 8
14 21 6
14 31 4
14 19 16
14 17 20
15 18 7
15 24 3
15 19 13
15 31 12
15 23 1
15 20 5
15 28 5
15 30 14
15 33 18
16 24 8
16 29 20
16 31 17
16 26 12
16 28 9
16 33 16
17 27 19
17 21 3
17 22 3
17 29 13
17 28 10
17 31 8
17 18 11
17 20 7
17 32 15
17 25 15
17 24 4
17 33 19
18 25 9
18 33 14
18 24 10
18 30 18
18 28 20
18 26 13
18 29 10
18 22 15
18 23 14
18 21 18
18 20 13
18 32 13
19 20 9
19 21 4
19 30 14
19 29 20
19 33 20
19 26 4
20 33 7
20 25 5
20 27 7
20 31 12
20 30 6
20 24 17
20 22 20
20 28 3
20 26 13
21 23 9
21 33 9
21 28 5
21 30 20
21 31 1
21 32 3
21 24 15
22 33 15
22 32 15
22 25 4
22 24 5
22 27 12
22 26 8
23 26 17
23 29 2
23 33 19
23 28 6
23 32 4
24 26 11
24 25 16
24 31 2
24 32 15
24 30 12
24 33 9
24 28 6
24 27 2
25 31 3
25 30 3
25 26 11
25 28 16
26 32 14
26 30 16
26 28 16
26 33 16
26 29 8
26 31 17
27 29 10
27 28 10
28 32 8
28 29 16
28 30 20
29 33 9
29 32 1
29 31 2
30 33 9
30 32 20
30 31 12
31 32 1
31 33 4
16 26 3 9
12 28 6 11
8 28 3 7
10 16 1 2
30 33 8 18
6 10 2 5
26 29 7 15
15 29 8 10
1 11 8 12
1 14 2 12
11 20 6 14
2 33 5 15
6 9 2 12
14 27 4 14
24 33 4 6
3 6 10 13
20 23 6 16
18 22 9 16
7 16 10 14
0 19 4 7
0 10 6 10
2 27 5 10
13 21 6 11
2 10 1 8
14 16 2 8
12 20 6 11
17 20 1 10
12 30 1 8
2 11 3 11
8 22 1 4
2 29 7 9
20 21 3 7
11 33 6 10
22 24 5 7
4 33 4 8
3 17 2 12
8 21 10 11
13 16 5 13
3 25 1 3
18 33 8 15
12 13 9 15
2 24 1 9
20 33 8 12
1 25 6 15
24 29 4 14
26 28 4 6
1 30 3 11
20 21 10 15
1 16 5 9
27 28 4 5
2 33 5 13
0 19 6 12
2 22 5 7
7 33 4 13
14 25 8 17
31 33 10 12
21 29 5 9
5 25 4 13
18 26 2 11
24 26 3 10
