0 15 17
0 12 14
0 29 3
0 24 18
0 33 1
0 7 17
0 13 11
0 6 20
0 14 18
0 30 15
0 19 14
0 16 12
0 23 18
0 27 3
0 20 13
0 11 10
0 2 8
0 9 17
0 28 16
0 4 5
0 31 10
0 10 10
1 22 8
1 25 12
1 28 8
1 5 19
1 7 19
1 8 2
1 19 7
1 31 11
1 32 1
1 27 12
1 20 17
1 30 14
1 23 3
1 15 10
1 12 18
1 13 12
1 9 6
1 33 18
1 2 12
1 21 6
1 3 5
2 9 5
2 14 8
2 11 1
2 24 1
2 15 16
2 8 5
2 27 16
2 33 7
2 13 19
2 30 1
2 6 14
2 5 10
2 21 13
2 17 7
2 12 5
2 32 8
2 7 17
2 23 4
2 25 2
2 28 5
2 4 8
2 18 3
2 10 13
2 16 1
2 20 7
3 20 18
3 12 17
3 4 14
3 15 6
3 5 6
3 7 19
3 14 6
3 21 3
3 30 10
3 26 2
3 10 13
3 23 17
3 32 17
3 13 9
3 8 8
3 16 13
3 33 15
3 24 6
3 11 4
3 18 19
4 30 20
4 15 2
4 6 3
4 9 9
4 23 5
4 31 2
4 10 5
4 25 20
4 16 15
4 33 5
4 24 19
4 20 7
4 11 1
4 29 4
4 17 2
4 28 5
4 19 17
4 26 1
4 27 9
4 5 1
4 8 1
4 22 6
4 32 2
4 7 5
4 21 15
4 12 8
5 32 20
5 24 3
5 26 8
5 8 18
5 17 3
5 16 6
5 22 6
5 30 9
5 33 4
5 12 2
5 19 11
5 13 15
5 29 15
5 14 1
5 20 15
6 13 9
6 12 16
6 19 8
6 15 8
6 26 10
6 27 20
6 20 16
6 25 15
6 30 8
6 16 7
6 11 5
6 28 17
6 33 14
6 22 15
6 29 17
6 31 13
6 7 16
6 21 2
6 23 17
7 21 19
7 20 1
7 31 20
7 33 5
7 15 12
7 14 6
7 18 5
7 8 7
7 12 2
7 13 4
7 27 4
7 32 15
7 24 3
7 29 16
7 11 20
8 13 16
8 11 5
8 21 7
8 27 5
8 19 18
8 10 10
8 22 6
8 31 5
8 15 18
8 29 15
8 23 7
8 9 8
9 30 13
9 15 5
9 31 10
9 20 18
9 22 5
9 23 11
9 32 2
9 26 8
9 17 8
9 33 20
9 28 9
9 21 16
9 10 3
9 11 20
9 19 13
9 27 8
9 14 15
10 16 19
10 21 6
10 15 1
10 14 11
10 22 9
10 11 18
10 13 4
10 12 14
10 20 2
10 28 2
11 26 13
11 22 9
11 15 20
11 33 2
11 19 15
11 30 10
11 18 9
11 31 14
11 12 3
11 27 17
11 20 14
11 32 15
11 28 15
12 17 14
12 32 3
12 18 15
12 16 18
12 13 11
12 19 7
12 25 14
12 31 11
12 24 12
12 28 3
12 14 13
12 27 10
12 29 5
12 22 6
12 26 16
13 27 6
13 29 10
13 26 16
13 15 4
13 17 19
13 22 3
13 31 20
13 33 1
13 19 6
13 18 19
13 30 16
14 31 13
14 23 18
14 17 1
14 33 13
14 20 2
14 19 17
14 18 14
14 28 15
14 30 13
14 22 1
14 29 16
14 21 19
14 15 3
14 25 7
15 22 15
15 33 5
15 16 15
15 18 1
15 20 19
15 30 8
15 23 1
15 32 15
15 21 5
15 27 11
15 31 13
15 25 18
15 17 17
15 29 9
16 28 20
16 17 12
16 19 14
16 24 17
16 18 10
16 31 1
16 21 14
16 27 6
16 32 14
16 23 8
16 22 13
16 25 7
17 23 17
17 27 17
17 33 20
17 30 11
17 28 10
17 25 12
17 32 4
17 31 11
17 26 8
17 29 16
17 21 8
18 33 10
18 32 5
18 26 8
18 30 16
18 29 7
18 20 2
18 19 19
18 28 9
18 24 1
19 27 2
19 20 5
19 24 6
19 28 4
19 22 13
19 21 9
19 31 8
19 25 9
19 33 16
19 30 16
20 21 14
20 26 15
20 25 11
20 32 11
20 28 14
20 33 15
20 27 15
21 24 19
21 25 6
21 28 18
21 32 10
21 31 11
21 22 3
21 33 9
21 27 17
22 27 5
22 29 2
22 26 17
22 23 12
22 25 8
22 32 2
23 33 4
23 28 18
23 27 15
23 31 20
24 32 9
24 31 3
24 33 9
24 26 5
25 29 9
25 27 18
25 33 16
25 30 12
25 32 1
26 31 4
26 27 14
26 28 8
26 32 16
26 33 5
27 32 18
27 30 11
27 28 10
28 32 13
28 30 15
28 29 14
28 31 11
28 33 15
29 32 14
29 30 20
30 33 5
30 32 12
32 33 14
12 20 4 9
5 28 5 8
5 33 9 19
5 20 4 13
11 13 8 16
3 28 6 9
26 27 7 16
8 14 8 13
6 17 3 5
20 29 2 4
22 29 6 8
3 12 1 10
0 4 9 12
7 30 8 10
5 15 2 8
5 31 4 8
22 32 6 8
18 21 5 11
13 19 3 10
6 13 10 12
1 4 3 13
16 20 2 11
5 24 3 10
11 15 6 15
15 25 4 7
26 29 4 9
12 18 6 12
19 33 9 18
3 8 9 17
1 22 8 16
1 13 6 16
13 30 4 9
9 12 5 10
21 28 3 11
5 20 3 7
2 10 10 13
22 23 10 19
2 32 3 4
12 30 8 10
7 11 1 5
29 33 4 9
2 10 4 12
7 29 4 8
13 16 9 10
14 29 10 16
5 8 7 10
11 15 8 14
20 26 3 11
4 23 6 16
23 25 9 18
10 14 2 4
12 25 10 13
3 11 4 14
2 24 5 6
14 18 4 6
27 28 7 10
11 33 9 14
13 23 4 6
12 32 8 16
14 24 7 12
1 4 3 5
5 28 9 18
